118023000000.000000
num nets 1
0 0.000000
3 5 -0.014353
3 8 -0.015130
3 9 -0.014930
3 10 -0.016265
3 12 -0.015259
6 0.037360
15 0.992471
17 0.989400
21 0.997068
22 0.991427
23 0.996180
24 0.997660
25 0.991306
28 0.998799
29 35 0.099891
29 37 0.099870
29 38 0.099885
29 39 -0.099996
29 40 -0.099977
29 41 0.099887
29 42 0.099897
29 43 0.099883
32 34 -0.099928
32 36 -0.099930
32 39 -0.099972
32 40 -0.099992
33 0.997786
35 0.334483
37 0.375439
38 0.331181
41 0.317600
42 0.316566
43 0.373604
44 0.097232
45 0.082802
47 0.098269
48 0.086011
51 0.097029
52 0.096542
53 0.086839