1.50501e+09
1.52677e+08
1.42161e+36
1.12295
1.09337e+11
3.91121e+10
3.98307e+10
1
6.63092e+12
1.49482e+09
3.42042e+09
4910.53
1.78588
5.50655e+10
1.89522e+11
1.00001
1
9.86483e+09
4.34358e+09
4.47505e+10
4.26167e+09
9.86863e+09
6.61011e+10
3.74111e+09
3.9758e+09
3.59907e+09
2.77025e+09
1.8366e+10
1.70014e+10
2.93689e+10
1
9.16622e+17
1
1
4.06758e+10
4.97046e+23
2.50808e+09
1
4.51691e+09
9.79722e+10
4.3441e+09
2.35753
2.21838e+13
7.35044e+09
4115.63
3.4841e+09
3.07343e+10
1988.95
1
3.01729e+10
2.65381
4.0523e+09
8.16052e+10
2.62429e+09
2.14409e+12
3.22405e+15
1.8901
1
4.6992e+09
0.5
4.50356e+15
7.08113e+12
8.58224e+09
9.26233e+09
4.31318e+09
4.13067e+10
1
1
5.82804e+09
1.34008e+11
4.15535e+09
3.20384e+10
4.9253e+12
1
2.25077
1.32606e+10
1.52462e+09
2.76908e+12
3.28335e+11
34198.4
4.35834e+09
2.31627
1.30137e+09
5.33375e+08
8.04438e+08
2.85648e+09
6.61851e+09
3.08035e+10
1.26444e+10
1
2.58998e+09
2.45412e+10
1
4.33413e+09
1
6.10032e+10
1.05036e+11
7.31268e+09
5.27094e+10
7.79418e+09
