4841.1 3000
1.43151e+07 7000
2.72324e+07 1000
5.28305e+09 4000
6.13246e+09 5000
1.35025e+09 2000
3.19184e+09 6000
6.15783e+09 0
7.31953e+08 7001
2.38466e+09 3001
1.45459e+09 2001
4.67069e+08 4001
4.68242e+09 1001
8.61034e+08 6001
1.48271e+09 1
8.79709e+09 5001
2.01009e+09 7003
1.00499e+09 3003
2.7762e+09 6003
3.35118e+10 1003
1.14487e+10 2003
1.08034e+09 3
9.81119e+09 4003
1.38267e+10 5003
3.92096e+09 7006
8.75379e+09 3006
7.64976e+06 1006
1.01734e+09 6006
3.29735e+09 2006
2.11212e+09 6
9.16883e+08 5006
1.37836e+09 4006
1.2139e+09 7010
1.08536e+09 3010
2.54494e+09 1010
108186 2010
5.04841e+09 6010
2.14358e+08 4010
1.86955e+09 10
1.59491e+09 5010
4.95445e+08 7015
3.47365e+07 2015
2.55302e+09 3015
7.97058e+09 6015
1.85812e+09 15
1.46751e+09 4015
1.4748e+09 5015
1.03094e+10 1015
1.7428e+09 7021
1.78334e+09 2021
1.05974e+09 3021
2.03332e+09 6021
4.94045e+08 21
2.46423e+09 4021
4.60008e+09 5021
1.05039e+10 1021
2.33192e+09 7028
4.33361e+08 2028
2.25625e+09 3028
2.40285e+09 6028
2.04139e+08 28
1.77593e+09 4028
2.09364e+09 5028
2.87408e+09 1028
5.61722e+09 7036
2.58781e+09 3036
8.15959e+09 2036
3.04382e+09 6036
1.94741e+09 36
1.52389e+09 4036
2.68108e+09 5036
5.02449e+09 1036
3.41632e+09 7045
2.05839e+09 3045
1.5199e+09 2045
8.00447e+08 6045
2.3691e+09 45
1.15161e+09 4045
8.1852e+08 5045
1.28205e+09 1045
3.12563e+07 7055
4.22995e+06 6055
1.59053e+09 3055
6.48303e+08 55
1.19744e+09 4055
6.64383e+09 2055
3.19054e+09 5055
1.78339e+09 1055
2.45719e+09 7066
7.8374e+08 3066
2.34496e+09 6066
1.07956e+09 66
1.80842e+09 4066
1.20885e+09 2066
1.65441e+09 5066
4.29994e+09 1066
1.79731e+09 78
2.35085e+09 91
1.04181e+10 105
2.43554e+09 120
