76247.5 1429
142218 4273
567400 2140
1.40116e+06 4984
560279 718
nan 2851
1.28835e+06 3562
0.507354 4274
407.413 1430
nan 0
40235.5 4985
606098 2141
1.9987 2852
nan 3563
664237 1431
1.66987e+06 719
3.32067e+06 4275
1.00163e+06 4986
2.49755e+06 2142
52395.1 1
1.43048e+06 3564
368270 4276
nan 720
1.01397e+06 1432
5.49344e+06 2853
14993.2 4987
1.50035e+06 2
400699 2143
1.19178e+06 4277
1.25598e+06 4988
995590 721
324056 3565
100024 2854
1.778e+06 1433
1.27959e+06 4989
nan 722
1.30783e+06 4278
1.73013e+06 2144
1.34104e+06 1434
1.59216e+06 3
325746 2855
801912 3566
1.44903e+06 4990
774800 723
44861.4 4279
137605 2145
577.011 1435
0.503244 724
126499 4
582033 2856
1.68196e+06 4280
859430 3567
931525 4991
945175 1436
993852 2146
249438 5
62664.4 4281
3.75711e+06 725
878047 4992
4.85543e+06 2147
101490 3568
573978 2857
1.45996e+06 1437
2.2352e+06 4282
82697.3 4993
374522 6
16463.9 726
47692.3 4994
791387 3569
139637 2148
309393 4283
185067 2858
1.41738e+06 1438
0.500042 4995
18665.8 7
476487 727
790415 4996
282447 4284
1.80711e+06 3570
729580 728
288684 2149
546197 8
805809 1439
181712 2859
75252.1 4997
34335.3 4285
1.0435e+06 3571
0.631407 1440
501875 729
741735 9
75969 2150
122879 2860
1.347e+06 4998
9.22475e+06 3572
876239 4286
nan 730
895606 1441
83729.8 10
661836 2151
4857.4 4999
145429 4287
28379.9 1442
36512.4 5000
580382 3573
11490 731
6698.47 2152
53209 11
0.741674 4288
1.23627e+06 2861
2.03162e+06 5001
704275 1443
1.73833e+06 3574
0.500006 2153
1.06281e+06 4289
2.85233e+06 732
22999.3 2862
662855 5002
741418 12
1.51473e+06 3575
20483.7 4290
91279.4 1444
75034.5 733
575211 2154
83346.6 4291
451684 5003
1.32402e+06 3576
587896 1445
43562.2 13
75486.5 2863
542482 2155
87075.4 1446
165005 734
789620 4292
926661 5004
7467.69 3577
53101.3 2156
335093 14
53288.8 2864
nan 1447
390404 5005
1.45921e+07 4293
3.1202e+06 3578
465488 735
59326.7 5006
192521 4294
1.57765e+06 3579
197898 2157
27.2947 736
110270 1448
4226.13 2865
347702 15
8280.84 3580
541588 4295
455461 2158
351377 5007
9.47572e+06 737
45.7729 1449
706702 2866
1.3922e+06 16
132102 3581
116522 4296
831380 2159
634844 5008
5707.47 738
58287.9 17
701843 3582
60006.5 4297
244454 2160
11494 2867
747824 5009
24334.5 1450
228424 739
nan 18
114413 4298
667821 3583
771936 2161
1.09265e+06 1451
35230.6 19
nan 2868
182717 740
158765 5010
0.989847 2162
37730.4 4299
150189 3584
151164 5011
1.62081e+06 20
219537 1452
524196 2869
nan 2163
743344 4300
616144 741
1.11364e+06 5012
nan 21
875885 3585
1.64194e+06 1453
1.49933e+06 2870
0.506499 742
247280 5013
3.14979e+06 2164
1.31615e+06 4301
815399 3586
0.50454 1454
nan 743
1.55758e+06 22
1.84644 5014
940442 2165
553684 4302
890085 3587
2.67441e+06 2871
122751 1455
455521 23
856223 2166
713261 5015
66204.6 1456
1.50217e+06 3588
1.1524e+06 744
1.13272e+06 4303
nan 2872
524340 24
nan 5016
1.69085e+06 2167
271294 1457
881023 4304
2.12034e+06 3589
738059 745
0.948359 2873
4166.13 2168
173044 25
548842 5017
3.36383e+06 1458
2.00133e+06 3590
1.58614e+06 4305
2.14289e+06 2874
1.30412e+06 5018
556993 26
86665.2 1459
18667.5 746
845679 2169
1.68728e+06 4306
60266.8 3591
1.32857e+06 2875
28971.8 5019
18503.1 1460
460067 747
681878 2170
76784.7 5020
2.50142e+06 4307
2.33474e+06 27
405332 3592
564924 1461
866895 748
732127 2171
2.78609e+06 2876
1.22022 3593
866096 5021
0.524566 749
10870.2 1462
3.35873e+06 4308
6436.69 28
390969 2172
165923 2877
676662 3594
496064 750
30925.7 5022
127688 4309
608856 2878
24904.5 2173
23579.5 3595
2.25124e+06 29
2.56821e+06 1463
1.7838e+06 5023
39534 751
595745 4310
9.43243 3596
65089.3 30
1.07877e+06 2879
832032 5024
213386 2174
0.96624 752
1.71355e+07 1464
1.3369e+06 3597
1.97602e+06 4311
1.32007e+06 2175
1.26181e+06 5025
313032 2880
181591 31
493.734 4312
989014 3598
78537.5 1465
578343 753
45909.5 32
112155 5026
35726.4 2881
1.66488e+06 2176
1.33991e+07 4313
522228 3599
817388 5027
1.1196e+06 754
238769 4314
476753 2882
1.33555e+06 3600
23674 2177
188198 33
22969 1466
983067 755
98503.1 5028
511137 4315
3340.16 756
180101 3601
2.16183e+06 2178
844079 34
nan 5029
1.7825e+06 2883
70827.7 1467
961946 4316
14221.7 3602
9.3391e+06 757
67846.5 5030
1.15745e+06 35
6.39545e+06 2884
11528 2179
1.03461e+07 1468
234820 3603
0.988021 4317
295982 5031
851246 758
18954.2 2885
11706.7 1469
51272.3 36
354625 2180
64465.8 3604
10974.5 759
96807.4 5032
1.34777e+06 4318
89432.7 2886
38219 3605
25843.8 1470
3.24746e+06 760
126.283 5033
2.40037e+06 37
953285 4319
6.31242e+06 2181
478406 2887
943147 3606
140170 1471
68084.4 5034
65454.5 4320
1.09102e+06 761
742003 2182
411639 2888
3.0447e+06 38
986271 3607
613481 1472
1.18669e+06 4321
200460 5035
959375 2889
165602 39
3.1922e+06 3608
88758.3 2183
1.00102e+06 762
1.34566e+06 5036
793810 4322
263414 2890
98738.3 1473
1.16209e+06 40
963217 2184
1.67491e+06 3609
85337.2 763
2.11558e+06 5037
1.57493e+06 2891
1.59207e+06 4323
3823.55 764
1.4437e+06 1474
141070 2185
756285 3610
1.86769e+06 5038
25749.1 2892
120643 41
762874 2186
1.17961e+06 1475
185058 4324
1.0968e+06 2893
540566 3611
1.06035e+06 5039
435967 2187
735335 765
1.64136e+06 1476
1.19896e+06 4325
2.15873e+06 3612
49153.2 2894
182936 5040
47708.6 42
313298 766
nan 2895
2.45566e+06 1477
16680.1 2188
823594 3613
513.371 43
127392 4326
3233.45 767
501799 5041
45509.9 44
609708 2896
68411.2 4327
1.69061e+06 2189
692796 1478
nan 4328
116.8 45
37242.2 5042
622924 3614
884409 2897
308103 768
4870.14 1479
5594.88 2190
27995.7 4329
5.60443e+06 5043
nan 46
1.01201e+06 2898
3.71038e+06 3615
1.59118e+06 2191
1.34788 5044
649208 2899
593595 1480
417018 4330
772537 769
124358 3616
2.67313e+06 47
1.64462e+06 5045
609411 4331
1.46687e+06 2900
2.86092e+06 2192
4501.46 770
517510 1481
1.89114e+06 5046
71539.5 4332
15799.3 2901
40357.1 3617
297331 2193
1.57028e+06 1482
2.71273e+06 771
14674.2 2902
1.32772e+06 3618
1.48038e+06 5047
783794 48
1.99986 2194
138904 4333
757752 772
29531.4 1483
0.5 5048
8492.1 4334
34998.4 2903
667886 2195
3.24115e+06 3619
650047 49
69674.3 773
681225 2904
3.94293e+06 5049
866347 1484
2.58037e+06 4335
77224.6 2196
71317.5 3620
1.21409e+06 5050
1.60249e+06 1485
811078 774
58986.9 50
nan 3621
886044 4336
470832 2905
1.60553e+06 2197
1.07489e+06 5051
nan 3622
113770 775
682820 1486
132868 51
128442 2906
734939 4337
255621 2198
558383 2907
36210.6 5052
92491.4 3623
86159 1487
80394.9 4338
4.64654e+06 52
239339 776
176978 2908
439891 5053
606322 3624
311166 2199
6.6725e+06 4339
0.968144 777
1.21119e+06 1488
443702 2909
2.29925e+06 53
1.00076e+07 3625
150977 5054
353196 4340
nan 2910
41777.7 778
629369 5055
787661 1489
682118 3626
627695 2200
2.86878e+06 54
164808 4341
848530 779
470576 5056
846583 1490
2.56987e+06 2911
58507.7 55
3.2901e+06 2201
1.78149e+06 4342
3.92289e+06 3627
19820.6 780
2.59541e+06 2912
1.37084e+06 5057
91826.8 1491
8772.11 56
631418 4343
474018 3628
60556.1 2202
865992 5058
2.74111e+06 2913
4.2658e+07 781
789835 4344
73994.4 3629
2.47317e+06 57
56274.9 1492
nan 2914
76152.6 2203
727911 4345
3.45291e+06 5059
2.78895e+06 3630
5.19567e+06 782
99542.1 2915
681612 1493
5631 58
347192 4346
31466.7 2204
661638 2916
66944.1 3631
1.97157e+06 5060
2078.93 783
30603.6 59
1.52856e+06 1494
28508.7 784
41860.1 2205
603635 4347
556240 2917
785125 3632
561852 5061
28276.1 1495
651239 785
66405.6 5062
16640.2 2206
792986 3633
224601 4348
2.27904e+06 2918
13732.2 60
89244.5 5063
84025.9 2207
1.21114e+06 1496
233920 786
0.589955 5064
1.41241e+06 787
4.70346e+07 61
289048 3634
210892 4349
1.10742e+06 2208
70813.2 2919
463406 1497
3.48502 3635
0.510073 5065
723512 2920
39663.4 788
1.90078e+06 62
nan 1498
4.45029e+06 4350
245832 3636
1.91105e+06 2209
16131.1 63
50725.9 5066
141723 2921
526796 4351
72450.2 789
1.19645e+06 3637
846272 1499
nan 2210
1.57294e+06 2922
1.92293e+06 4352
382653 790
462991 1500
450174 3638
557413 5067
1.89443e+06 64
804362 2923
1.52531e+06 4353
899536 2211
55933.6 5068
984516 3639
80478.9 4354
1.39114e+06 65
nan 2924
676300 791
1.18089e+06 2212
10279.7 1501
326807 5069
874488 3640
nan 4355
1985.36 66
15095.4 1502
469586 2213
nan 792
162850 5070
269464 4356
2.88943e+07 2925
18321.8 3641
1.45954e+06 1503
2.17122e+06 2214
44639 793
1.33678e+06 67
993584 5071
1.35845e+06 3642
375847 4357
742579 2926
nan 794
nan 1504
129246 4358
1.25822e+06 68
135142 3643
nan 5072
1.5544e+06 2927
651782 2215
281.498 69
nan 1505
41544.1 5073
932414 3644
5.78412e+06 2928
874835 795
51935 2216
2.15264e+06 4359
592501 70
339459 3645
227243 5074
1.07524e+06 2929
456890 2217
9226.34 71
nan 1506
3.17928e+06 796
2.0011e+06 4360
0.96542 3646
819724 2930
207061 797
130.885 1507
6.47959e+06 5075
588285 2218
1.03261e+06 4361
46324.6 3647
3.38569 798
231474 72
361047 1508
1.43791e+06 2931
1.84649e+06 4362
4952.6 2219
71885.7 3648
nan 799
733141 5076
530500 1509
1.98527e+06 2932
27469.2 3649
1.0024 5077
247821 4363
nan 73
294994 2220
179651 800
89173 4364
7223.66 2933
125735 1510
1.88955e+06 5078
nan 74
364271 3650
2.03225e+06 2221
1.0256 801
1991.2 4365
491829 2934
41677.5 1511
4.78454e+06 5079
7.33098e+06 3651
38646.9 2222
1.18272e+06 802
65961.2 4366
61201.9 2935
70963.1 5080
3.56619e+06 1512
1.12623e+06 75
7142.11 4367
2.59097e+06 3652
5244.67 803
1.56011e+06 2936
2.67808e+06 5081
102092 2223
2.32388e+07 1513
4714.43 804
2.59516e+06 3653
855665 4368
1.63037e+06 2937
3.26668e+06 5082
380803 76
110678 2224
68502.7 3654
1.76019e+06 805
1.80787 5083
1.58046e+06 1514
1.22074e+06 4369
681325 2938
1.21848e+06 2225
65217.2 3655
603840 5084
733813 77
1.08267e+06 806
1.09426e+06 4370
nan 1515
116816 2226
800959 2939
1.66215e+07 3656
nan 5085
816272 4371
51491.1 807
1.36817e+06 1516
3660.13 2227
9935.47 2940
87078.3 78
2.89806e+06 3657
8251.6 5086
6.68508e+06 4372
2.15105e+06 1517
1.40165e+06 2228
899069 808
78551.4 3658
1.00186e+06 2941
437163 5087
7509.39 79
1.85884e+06 4373
60509 809
1.22768e+06 2229
1.76392e+06 2942
207675 1518
79235.7 3659
66025.5 80
2.78228e+06 4374
1.26542e+06 5088
nan 810
1.30165e+06 1519
0.969974 81
5.24361e+06 2230
3.22283e+06 2943
nan 3660
1.70956e+06 811
568818 5089
9.93366e+06 4375
1.63439e+06 2231
446651 1520
871628 5090
1.39581e+06 3661
5.15321e+06 2944
6274.9 82
2.97658e+06 812
0.665849 1521
2.36645e+06 2232
932083 4376
473343 2945
845380 3662
nan 5091
28286.8 1522
552566 813
423740 83
86875.7 2233
1.43877e+06 4377
842407 3663
540988 2946
2.7269e+06 84
224667 2234
4.77892e+06 5092
93775.1 4378
3.46842e+06 814
604933 1523
64605.6 2947
138284 3664
1.39237e+06 85
613219 5093
9675.72 2948
970016 815
37906.2 2235
2.58415e+06 4379
1.06093e+06 1524
1.10803e+06 3665
nan 2949
52296.7 5094
3.15769e+06 86
140402 3666
120596 816
1.87657e+06 2236
0.991121 1525
126292 4380
2.15294e+06 2950
nan 3667
5074.33 87
186537 817
2685.09 5095
0.521609 1526
705818 2951
493345 4381
1.63794e+06 2237
94012.6 88
1.32289e+06 818
858039 3668
1.58766e+06 5096
933491 2952
1.47407e+06 1527
1.4978e+06 4382
145853 89
233395 2238
2.2256e+06 3669
1.78185e+06 819
27779.9 2953
1.96803e+06 1528
1.9052e+06 4383
14561.5 2239
2.90657e+06 5097
282143 90
nan 2954
1.65899e+06 3670
378638 820
491689 1529
54627.4 5098
1.63132e+06 4384
0.815328 91
1.10469e+06 2240
647597 3671
5076.48 2955
1.08697e+06 5099
455950 1530
127159 821
929473 4385
996640 92
596209 2241
2.11217e+06 3672
652319 2956
171781 5100
710271 1531
125790 93
578473 822
39002.9 3673
3.23473e+06 4386
1.99254e+06 2242
40100.2 2957
848623 5101
66264.7 3674
697166 2243
825843 4387
1.78772e+06 1532
105934 823
2.17374e+06 2958
336704 5102
3271.67 4388
752252 2244
2.79302e+06 3675
1.90855e+06 94
1.56567e+06 824
561024 1533
196865 2959
27241 3676
234322 5103
41639.8 4389
1.15182e+06 1534
1.68029e+06 2245
499065 825
1.46595e+06 2960
1.73235e+06 95
9.68595e+06 3677
0.500243 2246
478225 5104
125651 4390
333697 2961
2.41652e+06 1535
2.6447e+06 5105
39950.4 826
942996 2247
739980 96
1.6873e+07 3678
2.70136e+06 4391
569411 2962
6.91361e+06 1536
37573.9 5106
8963.71 2248
1.60694e+07 827
798262 3679
115215 4392
20680.7 2963
nan 97
37930.1 828
1.08591e+06 1537
8332.32 2249
2.38741e+06 3680
491633 4393
5.12899e+06 5107
585897 2964
1.04251e+06 829
2.19383e+06 1538
2.87816e+06 98
103107 5108
287672 3681
262616 4394
1.80863 2965
1.62185e+06 2250
nan 1539
1.86316e+06 830
2.27909e+06 3682
43262.4 99
267858 2251
2.16855e+06 4395
723985 5109
957752 2966
2669.54 3683
2.67041e+06 100
1.70305e+06 4396
22414.3 2252
2.63933e+06 831
263618 1540
3.84549e+06 2967
3.44306e+06 5110
46815.7 2968
962375 3684
2.80889e+06 832
nan 4397
696853 1541
1.27963e+06 2253
1.89352e+06 5111
793070 2969
157849 101
1.6958e+06 3685
0.500003 5112
1.39807e+07 4398
169378 1542
681070 2254
1.16617e+08 833
159267 2970
1.24347 5113
562504 1543
1.50683e+06 3686
1.85189e+06 4399
1.52819e+06 2255
439417 102
542380 1544
3.50386e+06 834
16923.8 2971
nan 103
339741 5114
818508 4400
974.973 3687
522820 2256
905375 1545
nan 835
337303 2972
291756 104
0.537234 5115
46424.3 4401
nan 3688
1447.84 1546
3.40858e+06 2973
4.28654e+06 2257
nan 5116
12819.3 836
1.90276e+06 105
2.2258e+06 4402
1.03922e+07 3689
197541 2974
105609 1547
6.93929e+06 5117
643238 2258
44555.1 106
1.92705e+06 837
5.87198e+06 4403
961303 2975
6266.13 2259
36268.4 3690
992307 1548
3.74549e+06 5118
523261 107
4.85295e+06 3691
1.61861e+06 838
nan 2260
9.50341e+06 4404
2.39171e+06 2976
889666 5119
8.3566e+07 1549
nan 839
1.03914e+06 2261
5.32178e+06 3692
72361.4 5120
1.9884e+06 2977
3.27316e+06 108
597725 4405
691355 1550
292894 3693
nan 840
2.14021e+06 5121
671686 109
5.86778e+06 2978
90582.9 1551
4.61277e+06 2262
5.8377e+06 4406
2.33334e+06 3694
1.6911e+06 841
207857 5122
472666 110
464317 2979
2500.33 4407
687538 1552
1.51235e+06 2263
998344 3695
434573 5123
813330 842
0.783562 1553
4.9153e+06 2264
64898.2 4408
1.45566e+06 111
55765 843
4.34078e+07 2980
1.00805e+06 3696
nan 5124
nan 4409
26558.8 2265
753825 1554
527003 112
3.14384e+06 2981
42481.1 3697
6533.7 5125
1.29011e+06 844
66170.9 4410
126996 1555
2.67781e+06 2266
1.02287e+06 2982
nan 113
33174.1 3698
2.19843e+06 5126
0.50179 1556
1.25981e+06 845
704684 4411
65113.7 114
3.05212e+06 2983
595818 2267
2.54712e+06 3699
1.5233e+06 5127
32603.7 1557
208458 846
1.01496e+06 115
1.04384e+06 4412
1.28436e+06 2984
4.72876e+06 2268
1.39457e+06 4413
2.69082e+06 3700
169371 847
62478.6 1558
640071 5128
2126.56 116
1.68917e+07 2985
563298 2269
36796.4 4414
160128 848
35166.6 3701
nan 1559
3595.43 5129
1.27748e+06 2986
56422.7 117
118228 3702
nan 2270
728037 4415
102373 1560
1.39224e+06 5130
9484.33 849
31164.2 2987
164152 118
821405 2271
579167 3703
1.74629e+06 5131
3.90419e+06 4416
2.49903e+06 1561
947148 850
1280.55 3704
2.22019e+06 2988
1276.69 2272
nan 119
87552.9 5132
57327.7 1562
687066 3705
856373 120
2.27816e+06 851
2.83779e+06 2989
4.07441e+06 4417
0.999987 5133
2.98749e+06 2273
17126.6 3706
0.965948 2990
854276 852
1.09048e+06 1563
3.37521e+06 4418
6839.51 121
2.35408e+06 2274
1.86686e+06 3707
27020.2 2991
2.36649e+06 5134
226213 1564
1.94175e+06 853
124051 4419
nan 1565
918091 3708
722949 2992
1.39656e+06 2275
858210 5135
nan 122
254132 854
1.30208e+06 3709
2.42343e+06 2993
168159 4420
1.03009e+06 1566
2.1002e+06 2276
166259 5136
803040 855
213168 3710
187418 4421
0.911194 2994
nan 123
383353 1567
2.38037e+06 2277
1.9286e+06 5137
1.68605e+06 2995
154526 856
342904 3711
2.75287e+06 4422
1.56797e+06 1568
759393 124
414799 5138
69103.1 2278
38940.6 2996
18914.9 1569
3.25315e+07 857
262530 4423
10978.4 3712
286449 5139
317389 2997
328983 125
2.27966e+06 4424
302221 1570
539235 3713
438328 2279
359872 858
1.79459e+06 5140
0.986481 4425
325793 2998
601571 126
5.3895e+06 1571
8.70506e+06 2280
1.65802e+06 3714
53352.1 859
22031.1 5141
473064 2999
788202 2281
1.02973e+06 4426
82432.2 1572
345608 3715
86773 5142
3.05331e+06 860
2.12443e+06 127
29087.4 3000
nan 2282
nan 4427
40177.7 1573
2.34135e+06 3716
nan 5143
nan 3001
2.52557e+06 2283
1.97285e+06 861
30557.6 4428
22653 3717
264433 1574
672376 5144
95638.5 3002
nan 128
1.04696e+06 862
118052 4429
906166 1575
92503.4 3718
2.58162e+06 2284
81576.6 5145
33379.4 129
1.75204e+07 3003
634.906 5146
418158 3719
1.74862e+06 1576
1.64281e+06 863
2.6806e+06 2285
1.72905e+07 4430
221162 3004
200082 3720
24387.9 5147
1.36883e+06 1577
866532 130
nan 2286
1.32535e+06 864
435444 3721
87291.9 4431
61641.9 3005
1.12612e+06 5148
196745 1578
305046 865
1.60764e+06 2287
436817 4432
1.24152e+06 3722
52704 3006
nan 131
3.9971e+06 5149
803727 1579
81209.6 866
1.19895e+06 2288
751790 4433
nan 3007
1.89218e+06 3723
69936.9 132
23.5136 867
1.22478e+06 5150
347787 1580
1.01293e+06 2289
2.96306e+06 3724
1.54849e+06 3008
1.85499e+06 133
559604 4434
1.02782e+06 5151
39140 1581
48802.7 134
1.39464e+06 3725
24439.1 868
1.943e+07 2290
3.46054e+06 3009
218873 4435
2.54598e+06 5152
305618 1582
nan 135
154131 4436
5.33016e+06 3726
1.8431e+06 3010
1.09412e+06 5153
636181 2291
7.08998e+06 869
687054 4437
48753 1583
2.72733e+06 3011
98.4378 2292
2.18069e+06 3727
25848.2 136
1.48023e+06 5154
525483 4438
2.92614e+06 2293
2.11601e+06 870
677549 3728
1.89576e+06 3012
365903 5155
2.99579e+06 1584
7190.42 4439
522664 2294
1.79655e+06 137
15641.2 3013
5.15444e+06 871
3.21586e+06 3729
52351.7 1585
7.95732e+06 5156
1.91453e+06 2295
1.27139e+06 4440
764956 3014
176139 872
1.47976e+06 138
1.31723e+07 3730
644539 5157
1.65572e+07 1586
19766.4 4441
1.20032e+06 3015
371965 873
882432 139
2.84138e+07 2296
6190.23 5158
4.03301e+06 3731
10.5332 140
58163.9 1587
150761 4442
893271 2297
1.46896e+07 3016
nan 874
465275 141
nan 1588
3.20662e+07 5159
7409.94 875
861765 3017
617035 2298
3.71558e+06 3732
175513 4443
5145.95 142
129505 5160
61384.8 1589
10458.2 3018
676173 4444
9903.42 3733
1.37839e+06 2299
233640 1590
573327 143
1.80102e+07 876
4.41882e+06 5161
2.61811e+06 3019
17646.6 3734
58003.3 2300
2.03542e+06 5162
998363 4445
0.968197 3020
83338.2 877
3.23465e+06 144
415676 1591
0.518183 5163
111.128 878
639.77 2301
472616 3735
971981 3021
2.04893e+06 1592
84571.5 4446
73496.7 145
43618.4 3736
876537 879
688086 3022
1.15808e+06 2302
909926 5164
692906 4447
4036.38 3737
379877 880
6.049e+06 146
633.871 3023
1.10806e+07 1593
435017 4448
2.45028e+06 2303
0.507474 881
nan 5165
1.0129e+06 3738
439037 3024
136433 1594
802274 147
961886 4449
1.05581e+06 882
1.85703e+06 5166
nan 3739
1.54955e+06 2304
0.534768 3025
1.64374e+06 1595
13746.8 4450
3.31185e+06 148
2.02509e+06 5167
705448 3740
61143.2 883
706941 2305
621067 1596
500170 3026
1.50836e+06 884
1.61354e+06 4451
2.05865e+06 3741
529860 5168
634669 149
1.6987e+06 2306
62517.6 4452
127596 1597
1.1047e+06 3027
1.36457e+06 3742
21.4829 150
29690.5 885
2798.61 2307
4.17599e+06 5169
643018 3028
2.32212e+06 4453
2.3138e+07 3743
4.26961e+06 1598
0.525521 886
1.20921e+06 2308
1.94809e+06 3029
1.69172e+06 151
96831.8 3744
725.398 4454
172942 5170
0.788252 1599
5.44093e+07 2309
54613.4 3030
196362 152
53037.7 887
nan 3745
6018.43 4455
500343 1600
802924 5171
2957.78 153
1240.26 2310
445431 3031
3.44352e+06 888
263361 5172
2.07376e+06 3746
607393 4456
684297 1601
421317 3032
2.97708e+06 154
803.418 889
349126 2311
2.15611e+06 3747
2.46079e+06 5173
2.14081e+06 4457
25274.5 3033
538314 1602
58969.5 2312
637251 5174
334279 3748
251114 890
2.24144e+06 4458
199347 155
0.504929 1603
2.62673e+06 3034
566061 891
132846 5175
388029 2313
15265.1 4459
517001 3749
1.20057e+06 1604
nan 156
nan 3035
724875 5176
817952 892
nan 4460
89300.2 1605
874.799 2314
1.25679e+06 3750
4509.59 5177
1.95977e+06 4461
868004 893
637147 3751
74017.2 157
6338.07 2315
94588.3 1606
4.13654e+06 3036
1.53713e+06 5178
nan 3752
nan 4462
342911 158
36091.6 2316
498322 3037
2.72949e+06 894
680519 1607
692824 5179
1.5645e+06 2317
2.66829e+07 4463
1.22978e+06 3753
139265 1608
755849 3038
872940 159
93790.7 895
270.235 4464
1.44185e+06 5180
548685 3039
296754 1609
989860 2318
6.75998e+06 3754
0.50605 896
194638 5181
2.53949e+06 160
1.40387e+06 4465
1195.09 3755
771059 1610
1.13426e+06 2319
763004 3040
490456 161
1.19929e+07 5182
522765 897
197297 3756
1.01452e+06 4466
107333 1611
2.00121e+06 2320
nan 162
nan 3041
1.71982e+06 4467
7639.31 1612
2.71569e+06 3757
115190 5183
981567 898
1507.63 2321
2937.92 3042
1.80455 5184
229286 4468
651832 3758
442075 1613
5.18692e+06 163
21091.9 3043
152561 899
1.44915e+06 2322
1415.78 4469
7562.45 1614
234206 5185
1.00951 900
2.29501e+06 164
48085.7 3759
1.36754e+06 3044
678872 2323
16660.5 165
149568 901
105268 3045
330491 5186
2.0368e+06 1615
1.25443e+06 2324
337432 4470
800583 3760
3.79789e+06 166
1.00208e+06 3046
4.71367e+06 5187
341567 902
nan 4471
0.999933 2325
1.30299e+06 1616
265034 3761
1.67487e+06 5188
752908 903
4.9692e+06 3047
113538 4472
596482 167
1.4672e+06 2326
126194 1617
23351.4 5189
nan 904
239736 4473
163442 3048
328117 168
623946 2327
1.56269e+06 3762
1658.01 5190
3.83406e+06 1618
538543 4474
876456 3049
1.79389e+06 2328
1.68474e+06 905
202990 3763
302766 169
2.31001e+06 5191
38832 3050
222873 1619
nan 906
1.27531e+06 3764
1.09826e+07 2329
8.63113e+06 4475
109896 1620
2.45228e+06 170
2.26733e+06 5192
2.37206e+06 3051
197276 907
30031.2 171
42743.3 3765
868174 4476
1.03628e+07 1621
1067.97 908
3.91908e+07 2330
1.61861e+06 5193
17827.7 3052
225177 172
735321 4477
170185 3766
99670.7 1622
964648 2331
2.69404e+06 5194
954936 3053
975716 909
1.32737e+06 3767
176548 4478
172354 1623
5087.41 173
753017 5195
34775.2 2332
2.12212e+06 3054
417825 3768
114231 4479
841569 5196
529970 1624
52091.9 910
597656 3055
456251 4480
897110 2333
nan 174
2.4185e+06 3769
1.46676e+06 5197
9.88132e+06 911
4.2589e+07 1625
2.41803 3056
60575.1 4481
360797 2334
85517.5 5198
686921 3770
485859 1626
582230 175
1.11602e+06 912
588835 4482
1.73696e+06 2335
1.605e+06 3057
62907.2 5199
2.16056e+06 3771
593497 4483
4.42633e+06 1627
4.67878e+06 176
476511 913
886998 2336
2.80288e+06 3058
14829.4 5200
448386 4484
0.582498 914
146538 177
715351 3772
52680.8 1628
47468.8 2337
143553 915
498287 3059
46731.1 4485
2.72918e+06 5201
619070 3773
162228 178
34684.8 1629
6.79498e+06 2338
727802 3060
52444.9 4486
1.47539e+06 5202
566061 3774
10191.1 916
5390.61 1630
2393.97 917
1.53124e+06 179
1.25398e+06 2339
164204 4487
4.56786e+06 3775
38106.8 3061
1.07857e+06 5203
92256.2 1631
nan 918
1.58784e+06 2340
5.30211e+06 180
585814 4488
72367.2 3776
35855.6 5204
3.48463e+06 3062
621398 1632
1.50493e+06 919
1.63085e+06 4489
922935 3777
799554 2341
1.58671e+06 5205
110219 3063
362216 181
3.13641e+06 1633
499328 4490
58101.5 3778
14.7422 920
474875 3064
1.02762e+06 2342
923425 5206
24517.4 4491
1.8388e+06 1634
1.98908e+06 182
54455.6 3065
21179.3 921
2.85357e+06 3779
560537 183
nan 5207
3.72991e+06 2343
143917 4492
nan 3780
4.9427e+06 1635
141930 2344
3.104e+07 922
7.12577e+06 5208
100550 4493
2.82654e+06 3066
220882 184
181077 1636
1.30694e+06 3781
1.25286e+06 2345
4.29867e+06 4494
416937 5209
769959 923
1.08164e+06 185
1.30975e+06 1637
1.90208e+06 3782
11932 4495
3.10286e+06 2346
1.1311e+06 3067
196803 5210
240.419 924
14569.4 186
1313.08 1638
1.87135e+06 3783
1302.77 4496
774393 3068
70166.9 2347
165060 925
532846 5211
1.47323e+06 187
675999 3784
nan 2348
20414.6 3069
62932.5 4497
800320 1639
739254 5212
1.61402e+06 188
1.05005e+06 3785
1.81002e+06 926
718456 3070
41562 2349
0.964341 5213
573207 1640
73758.1 4498
3.17289e+06 3786
378277 927
387170 2350
194503 189
669675 5214
7.67577e+06 3071
1.16644e+06 4499
2.56854e+06 1641
2.05044e+06 3787
296347 928
2.34952e+06 5215
6352.92 4500
2.34123e+06 3072
69805.8 2351
30622.5 929
192030 190
6.23196e+06 1642
82130.2 3073
21900.9 5216
81047.5 930
940341 4501
3.43861e+06 3788
386489 2352
2.27942e+06 1643
5.73312e+06 191
51821.3 3074
74760.6 2353
151588 931
464428 5217
191864 4502
7.16706e+06 3789
679518 192
1.19005e+06 1644
271642 4503
6.24663e+06 3075
260996 932
181777 5218
1.69794e+06 2354
776429 3790
1.20968e+06 4504
2.61815e+06 1645
420210 2355
47054.4 3076
9503.38 193
464758 5219
69916.5 3791
69772.3 933
0.511694 4505
389279 1646
78781.4 194
530047 3792
8.72486e+06 5220
901.036 2356
1.31826e+06 934
176817 4506
5357.92 3077
12224.4 195
nan 1647
770185 2357
1.18405e+06 3793
2.02714e+06 5221
nan 935
202892 4507
41421.7 3078
761602 3794
277189 196
nan 4508
11.0701 5222
920934 1648
1.12932e+06 2358
238541 936
4.65017e+06 3079
39065.7 4509
463062 1649
1.20443e+06 5223
996035 2359
2.51363e+06 3795
913175 937
1.60962e+06 197
17144.1 4510
1.84243e+06 1650
1.38525e+06 5224
908087 2360
298124 3080
34382 938
481392 4511
1.66669e+06 1651
1.49273e+07 3796
1.85189e+06 5225
1.4389e+07 2361
119377 3081
1.28253e+06 198
17220.8 1652
nan 3797
2.03098e+06 4512
410601 939
0.556292 5226
690694 3082
80507.7 2362
nan 199
29910.5 3798
6.06906 4513
468.486 1653
5.79092e+06 940
3.90631e+06 3083
556486 5227
472730 2363
1.33858e+06 4514
29867.4 1654
599624 3799
40309.3 200
423640 3084
2.67141e+07 2364
34524.2 941
36294.7 201
26225.8 5228
16318.3 3800
695219 4515
71684.4 1655
35312.1 2365
152355 3085
129994 5229
708570 942
91950.9 202
2377.67 1656
296413 4516
40245.4 2366
1.07364e+06 3801
113485 5230
145815 3086
976303 203
1.99641e+06 4517
26894.5 943
44370.6 2367
62070.8 1657
170038 3802
111013 3087
6647.75 204
911575 5231
1.46459e+06 4518
103162 2368
431822 1658
273088 3803
881483 944
nan 5232
583268 3088
1.81256e+06 205
171583 4519
778013 945
58235.3 2369
363310 3089
1.12712e+06 5233
4.04007e+06 1659
1.14469e+06 3804
512140 206
nan 946
1.27632e+06 4520
885382 5234
89051.3 2370
1.85835e+06 3090
148978 3805
2.12529e+07 1660
2.17567e+06 947
588808 207
1.03609e+06 5235
1.88604e+06 4521
1.67514e+06 3091
51526.2 2371
2.13331e+06 3806
43865.3 208
1.16956e+07 1661
21575.3 948
522751 5236
595110 2372
2.05114e+06 3092
483897 4522
250740 3807
9013.39 209
nan 1662
156897 2373
866030 3093
20343.2 949
2.92626e+06 5237
3.24106e+06 4523
21341.2 3808
10653.2 210
1.78359e+06 2374
774313 1663
761278 950
52301.7 4524
16193.5 3094
1.16525e+06 5238
1.18205e+06 3809
496124 1664
141959 211
646571 2375
53679 4525
6316.88 951
3123.76 3095
1.30028e+06 5239
760.836 1665
2.03512e+06 2376
432513 952
nan 4526
422756 3810
4.01557e+06 212
41200.6 3096
3.42026e+07 5240
469367 1666
685066 3811
313591 4527
80139.5 953
5.18325e+06 3097
3.21118e+06 2377
4777.43 5241
3.69603e+06 3812
156497 954
2.6423e+06 1667
585442 4528
66580.5 213
5.59872e+06 3098
890671 2378
nan 5242
nan 3813
47934.1 955
556548 1668
118030 3099
1.41209e+06 2379
209664 214
4.34707e+07 4529
340745 5243
562158 956
749213 1669
1.27064e+06 4530
71201.3 5244
572264 2380
6.28368e+06 3814
1.46235e+06 215
769124 3100
2.29978e+06 957
2.03534e+06 1670
1.6101e+06 5245
3.407e+06 4531
2.9226e+06 216
27116.5 2381
926120 3815
455425 958
794189 3101
739509 1671
162305 4532
523987 5246
9770.12 217
1172.15 2382
3.73728e+06 3816
836650 1672
1.10788e+06 959
2.09423e+06 3102
nan 4533
32398.2 5247
1.16793e+06 3817
nan 960
61894.4 218
1.84298e+06 2383
464816 1673
0.500161 219
449820 3818
2.28879e+06 3103
12807.1 5248
11364.9 4534
10304.6 2384
2211.13 961
112465 1674
nan 220
119834 5249
119776 3819
497512 2385
106612 4535
2.03372e+07 3104
nan 962
658046 3820
5857.47 221
443057 1675
2.42847e+06 5250
117058 4536
5817.58 963
0.924685 1676
3.64598e+06 2386
7.19884e+06 3105
800414 5251
3.32981e+06 3821
1.66306e+06 4537
1.05008e+06 222
364800 2387
3542.86 964
0.999926 3106
34062.3 3822
16344.6 1677
605609 4538
2.65871e+06 5252
392283 223
252991 2388
5482.5 3107
94437.4 3823
404775 5253
9796.72 1678
1.18032e+06 965
308852 4539
nan 3108
5369.91 3824
4.59228e+06 2389
85377.6 5254
1.38658e+06 224
418085 1679
201768 3109
9073.22 966
91038.8 4540
4.06059e+06 2390
1.50664e+06 3825
220014 5255
1.18166e+06 1680
1.43498e+06 4541
217086 3110
nan 967
299038 225
786416 5256
3856.95 2391
252019 3826
7.73518e+06 1681
399.696 4542
1.11603e+06 3111
55628.7 226
80613.2 968
602483 2392
1.15306e+06 5257
254.8 3112
1.40724e+06 3827
5.18258e+06 1682
74984.2 4543
nan 969
676037 3113
1.77222e+06 227
2542.52 5258
834318 2393
997342 1683
1.21946e+06 3828
130004 970
769729 5259
433221 4544
706085 3114
575998 3829
56598.7 1684
503826 2394
2.06474e+06 228
977852 3115
8744.36 971
15671.9 5260
430676 4545
1.46299e+06 2395
421405 1685
802569 3116
36539.3 3830
2.72797e+06 229
nan 972
915625 4546
12138 230
624709 3831
6.58741e+06 1686
914414 5261
452910 3117
99824 4547
260155 2396
1444.21 973
1.91646e+06 3832
111575 1687
128740 231
122126 5262
226573 3118
1.03889e+06 4548
160148 2397
nan 974
507784 3833
19730.5 2398
84657.3 3119
280953 232
60086.1 5263
1.7832e+06 4549
638769 975
191524 1688
3.55079e+06 3834
2.74609e+06 2399
143136 976
992868 1689
21054.1 4550
1.24257e+06 5264
131705 3835
5.26437e+06 3120
261373 233
1.49793e+06 1690
100469 977
942973 2400
16215.9 4551
110583 3121
553584 5265
16883.9 3836
4.6832e+06 1691
106746 234
272710 978
101457 3122
18527.5 2401
2.25871e+06 4552
4940.82 5266
4.52231e+07 1692
1.06269e+06 3837
2.27324e+06 3123
117043 4553
12276.9 235
3556.71 2402
1.01611e+06 5267
nan 979
5549.57 1693
634878 4554
956495 236
3.36438e+07 3838
1.24318e+06 5268
809707 3124
937034 980
157310 2403
140920 1694
24854.7 4555
698888 3839
728876 237
115914 3125
1.43611e+06 5269
911444 981
nan 2404
645744 1695
2981.71 4556
852481 3840
nan 3126
29416.9 982
1.11772e+06 238
85233.7 2405
1.9805e+06 5270
0.500006 3841
2.18043e+06 4557
695369 1696
5490.2 983
595878 2406
26520.8 3127
362343 239
29053.9 3842
4.29157e+06 5271
39963.7 984
91765.9 1697
5.37707e+06 4558
552598 2407
774204 3128
1.55929e+06 240
3259.81 3843
745775 5272
881864 1698
135485 4559
2.46812e+06 985
682530 3129
302287 241
nan 5273
50902 2408
2.13002e+06 3844
732532 1699
1.57458e+06 4560
513149 2409
38.1323 242
1.8057e+06 5274
182102 3130
2.22492e+12 986
2.92244e+06 3845
1.25284e+06 4561
246526 1700
9513.21 243
371635 3131
2.71203e+06 2410
2.87743e+07 5275
34471.6 3846
1.56333e+06 987
1.67161e+06 4562
6188.9 244
1.90725e+06 3132
2.96676e+06 1701
2.62418e+06 5276
2.07485e+06 4563
1.65599e+06 3133
2.47722e+06 2411
2.29115e+06 988
250752 5277
177754 3847
2.43632e+08 245
5.10064e+06 1702
790440 2412
797100 4564
8704.56 3848
258710 3134
632108 5278
199392 1703
1.89481e+06 989
197025 3849
994567 2413
126010 4565
17671.8 246
1.39093e+06 1704
656392 3135
1.49472e+06 990
711715 5279
720981 2414
882277 3850
1.52285e+06 3136
908618 4566
620085 1705
1.79255e+06 5280
6204.72 991
127275 247
1.20905e+06 2415
66970.1 4567
422500 3851
44513.1 3137
2.80984e+06 5281
1.02709e+06 2416
146107 992
815193 1706
104346 3138
218212 4568
853695 3852
nan 2417
27300.9 5282
86261.3 3139
23072.9 993
1.75374e+06 2418
2.05776e+06 4569
732582 3853
18728.7 1707
378695 248
33764.7 5283
477184 994
729047 3140
nan 2419
6.10646e+06 4570
nan 249
718044 995
503460 5284
74354.9 1708
759821 3854
347498 3141
819158 2420
209.954 4571
53596.4 5285
41154.2 1709
1.38408e+06 3855
57532.7 996
105863 250
73144.3 2421
1.19364e+06 3142
607.158 4572
911412 5286
267400 1710
927148 3856
367924 2422
1.98345e+06 997
6.8027e+06 251
847608 3143
nan 1711
628104 4573
280290 5287
120699 3857
1.19507e+06 2423
237942 998
1.45464e+06 3144
1.30783e+06 1712
nan 5288
33481.7 4574
3.04895e+06 252
655919 3858
24773.9 2424
20568 4575
35338.1 3145
110771 5289
833302 999
nan 1713
nan 2425
44612.3 253
370925 3859
557447 4576
13417.5 3146
1.28663e+06 5290
0.965321 2426
86770.2 1714
nan 1000
1.52714e+06 3860
1.16678e+06 4577
12849 5291
471512 3147
316.835 254
836741 1001
2.79037e+07 2427
722283 4578
411281 3861
nan 5292
7.4045e+06 1715
4257.5 255
0.999409 2428
5.21431e+06 3148
21284.5 1002
27845 4579
91766.7 3862
83171.9 5293
763200 256
20987.2 1716
81283.7 1003
3.00907e+06 2429
556536 3863
30466.1 3149
702248 5294
1.26885e+06 4580
547127 1004
305384 1717
4.72912e+06 4581
63890.7 3864
nan 257
1.53678e+06 2430
2.5268e+06 5295
1.89918e+06 3150
2.44438e+06 1005
1.66763e+06 1718
61033.4 4582
2.46114e+06 2431
595348 3865
6757.25 1006
727774 3151
1.05514e+06 258
894539 5296
nan 4583
2.44699e+06 1719
134793 259
0.99689 2432
934798 3152
9488.4 3866
788160 1007
1.20501e+06 4584
1.19598e+06 5297
797077 260
130383 3153
1.66461e+06 2433
3801.17 1008
106215 4585
1.42899e+06 3867
514472 1720
88110.3 261
30020.2 2434
942747 3154
2.24901e+06 5298
1.48598e+06 3868
nan 1721
7539.01 4586
29134.6 2435
3.02389e+06 1009
118.34 3869
18067.4 5299
133521 3155
28927 1010
2.15674e+06 1722
35134.2 4587
nan 262
1.84675e+06 2436
821537 3870
93246.9 3156
686204 5300
102953 1011
671192 4588
26964.7 3157
281281 1723
1.61876e+06 2437
99703.8 3871
823683 5301
125957 4589
980656 1012
3.53963e+06 3158
2.93018e+06 263
412335 2438
148542 1724
nan 5302
72494.2 3872
2.54459e+06 4590
1.39708e+06 3159
1.00757e+06 264
105877 5303
1.1206e+07 3873
4.25172e+06 2439
390355 1725
1.58871e+06 1013
1.95018e+06 4591
661724 3874
1.58101e+06 5304
1.68392e+06 3160
9.77433e+06 2440
2.17831e+06 1014
845267 5305
nan 3875
920847 265
84637.2 3161
1.18573e+06 1726
720450 4592
608633 1015
11.2681 3876
823760 5306
1.41811e+06 2441
1.18893e+06 3162
80537.1 4593
107412 1727
516.134 266
18749.6 2442
643.617 4594
1.92728e+06 1016
1.43223e+06 3163
87154.5 1728
446178 3877
843724 267
774084 5307
50.656 3164
670891 2443
13541.8 4595
14568.3 1017
2.43439e+06 3878
1.48224e+06 1729
1.27935e+06 268
4.87308e+06 5308
5.8403e+06 3165
2.52639e+06 4596
950001 2444
3366.61 1018
1.18266e+06 5309
103954 4597
1.179e+07 269
1.14209e+06 1730
316183 3879
1.0392e+06 3166
1.31802e+06 2445
159279 1019
90201.5 1731
75928.3 4598
325296 3167
6.23921e+06 5310
1.15298e+06 3880
638872 270
660796 2446
1.39336e+07 4599
3.14619e+06 1020
270847 1732
3.26675e+06 5311
3.89502e+09 3168
85856 3881
60699.4 1021
1.01368e+06 1733
2.40037e+06 2447
7794.72 271
1.1112e+06 4600
154223 5312
988797 3882
390137 3169
1.22733e+06 2448
nan 1734
1.20189e+06 1022
2.2743e+06 5313
59225.5 3883
487294 4601
6.12353e+06 272
2.03308e+06 3170
52067 1735
725693 1023
27619.1 3884
2.44669e+06 2449
24998.7 273
nan 5314
0.996385 1736
2.84736e+06 4602
626894 3171
2.43113e+06 3885
4.4871e+06 1024
64272.8 2450
148263 274
805072 5315
0.545632 4603
44566.9 1737
70285.6 3886
918758 3172
1.10957e+06 1025
1.32112e+06 2451
608389 4604
2.33452e+06 5316
1.18299e+06 275
271218 1738
46721.3 3887
593997 3173
0.866714 4605
8044.23 5317
226111 2452
2.05822e+06 1026
4.22829e+06 1739
80835.1 3888
7599.24 3174
2.00833e+06 276
158416 4606
41173.9 5318
109014 2453
619275 1740
1.07646e+06 1027
532312 3889
1.60615e+06 3175
5.16102e+07 4607
847771 5319
40005 3890
2.87904e+06 1741
31983 277
1.5051e+06 2454
121220 1028
97268.3 3176
258164 4608
8257.75 5320
1317.81 1029
741366 2455
769850 278
7.56315e+06 1742
1.0078e+07 3177
3.79632e+06 3891
157992 4609
859714 5321
1.08273e+06 2456
nan 1030
nan 4610
634833 3892
1.22902e+06 279
59452.6 1031
6.44859e+06 2457
81509.6 1743
109716 3178
53381.6 5322
68702.6 4611
54304.4 1744
64184.6 3893
3842.76 1032
889295 2458
156384 3179
7.82396e+06 5323
269657 280
1.37836e+06 4612
nan 2459
94619.2 3894
67.1346 5324
2.49676e+06 1033
1.30063e+06 3180
2.68108e+06 1745
780560 4613
730480 281
904536 3895
1.22699e+06 2460
945081 5325
34001.4 1034
216522 3181
1.68489e+06 1746
158049 4614
654348 5326
559273 3896
15435.1 282
1.2414e+07 2461
398.555 3182
435546 1747
1.6716e+07 1035
114224 5327
593542 4615
473091 3897
2.13656e+06 3183
39332.4 2462
1.22558e+06 1748
nan 283
481455 5328
64198.5 1036
186784 4616
842559 3898
1.21559e+06 3184
121658 1749
8.8257e+06 2463
1755.7 284
18033.7 1037
216.505 5329
1.0061 4617
11887.4 285
1.00123e+06 3899
2.56377e+06 1750
218487 3185
57081.4 2464
430583 5330
164847 1038
2.40209e+06 4618
1.11429e+06 3900
nan 3186
718942 2465
254733 1751
3.77332e+07 286
5.66322e+06 5331
91026.2 3901
nan 1039
719562 3187
158342 2466
5.69725e+06 4619
0.500047 3902
915923 1752
nan 287
252265 5332
7.71144e+06 1040
171392 3188
2.03244e+06 4620
53599.4 2467
895926 288
117127 3903
70314.6 1753
617767 3189
1.62025e+06 1041
1.90569e+06 5333
363660 2468
1.12994e+06 4621
66313.1 3190
20995.1 1042
373.771 3904
1.93292e+06 1754
2.22725e+06 289
1.33887e+06 5334
146685 2469
1.0842 1043
30790.7 3191
43083.3 4622
21308.5 3905
3.80813e+06 1755
264836 2470
682302 290
1.22611e+06 5335
131194 1044
1.06055e+06 3192
685398 3906
143910 4623
8413.46 1756
5750.17 2471
233236 291
604770 1045
134916 5336
98641.8 3193
1.45895e+06 1757
99376.9 2472
499522 5337
nan 4624
3.47951e+08 3907
857223 3194
3.8866e+06 292
76170.9 1046
3385.34 1758
707595 3908
1.86501e+06 5338
617741 4625
912878 293
4.22675e+06 2473
1.2961e+06 1047
656738 1759
349997 3195
301514 3909
72051.1 5339
1.40015e+06 4626
703.966 2474
114996 3910
nan 1048
103916 1760
1.80329e+06 4627
0.504377 294
438379 5340
1.02363e+06 3196
901066 2475
1.562e+06 3911
1.07017e+06 1049
nan 1761
1226.41 295
853978 4628
58124.8 5341
1.80914e+06 3197
nan 3912
529275 1050
672771 2476
902403 1762
7.6827e+06 4629
20431.8 296
1.04362e+06 3198
416715 2477
26807 5342
8.33823e+06 3913
nan 4630
3.15664e+06 1763
67024 1051
nan 3199
713814 3914
2.89735e+06 2478
2.23068e+06 5343
1.18229e+06 297
153334 3200
1.93057e+06 1764
1.70763e+06 4631
4.66349e+06 1052
26214.1 5344
581992 2479
673429 298
440536 3915
92.2229 1765
507138 3201
nan 4632
1.95799e+06 5345
nan 1766
30476.5 2480
nan 4633
37796.7 1053
174140 3916
1.05427e+06 3202
256009 299
956250 5346
256536 1767
633154 2481
nan 1054
2.23012e+06 3917
1.93266e+06 4634
1.70146e+06 300
624024 3203
233014 1055
571520 5347
0.982248 2482
3.00269e+06 1768
144232 4635
nan 1056
1.4761e+06 3918
2.60356e+06 3204
21106.4 301
416513 5348
nan 1769
2.37859e+06 4636
5488.26 2483
439924 3919
502149 5349
274218 1057
719802 302
1.41426e+06 3205
4785.79 4637
242128 2484
7.43781e+06 1770
1.74841e+06 3920
1.37037e+06 5350
1.42698e+06 1058
1.09204e+06 303
286804 3206
2.01351e+06 2485
7126.31 1771
647487 4638
122132 3921
1.38221e+06 1059
113282 5351
1.89046e+06 304
149567 4639
1.33835e+06 3207
1.53702e+06 2486
157775 1772
566033 305
159594 3922
571543 1060
5.28853e+06 5352
12192.6 4640
587669 3208
4.08266e+06 306
735446 2487
2.14285e+07 1773
3.84448e+06 3923
0.505747 4641
1.00847e+06 1061
312969 5353
7.64166e+06 3209
1.02239e+06 307
nan 2488
14.6799 3924
nan 1774
1.77325e+06 1062
252517 4642
1136.87 3210
480077 2489
2.86498e+06 5354
894573 308
1.0745e+06 1775
1.3714e+06 3211
nan 1063
1.08715e+06 4643
9.38951e+07 3925
30826.2 1064
nan 2490
1.50157e+06 3212
8.30475e+06 5355
765452 1776
489831 309
699141 4644
611810 1065
6927.51 3926
2.06063e+06 2491
441602 3213
113712 5356
4.18231e+06 1777
8047.24 4645
3.63868e+06 3927
187686 5357
127325 1778
1.21321e+06 1066
1.42283e+06 3214
329008 310
3.36325e+06 2492
7693.57 4646
591531 3928
2.62508e+06 5358
105244 1067
1.85009e+06 311
13397.1 3215
492564 1779
2.69297e+06 2493
8.18766e+06 3929
31134.9 1068
2.92117e+06 5359
5.21467e+06 4647
nan 312
356466 1780
995386 3216
5089.35 3930
2.26625e+06 2494
157812 1069
804828 5360
nan 4648
1.52967 1781
12468.6 3931
568334 2495
2.06772e+06 5361
2.96361e+06 1070
159262 4649
677381 313
301150 3217
4764.22 1782
136498 5362
1.31219e+06 3932
nan 2496
nan 3218
nan 1071
33.4813 4650
47760 314
202917 5363
2.00199 3219
54323.8 1783
2.49846e+06 2497
170965 3933
4.54316e+06 1072
85693.4 4651
1.21368e+06 315
2.35827e+06 3220
544095 5364
1.27646e+06 3934
1.86312e+06 1784
1.25925e+06 4652
nan 2498
1901.82 3221
642387 5365
nan 316
1.40449e+06 1073
266919 3935
6629.06 1785
663692 4653
12826.3 5366
593883 1074
561506 2499
376713 317
141321 3222
59804 3936
3.05852e+07 1786
nan 4654
980852 318
203689 2500
2.54671e+06 5367
111681 3937
3.34078e+06 3223
1.97019e+06 1075
84064.1 1787
1.4363e+06 4655
nan 319
4.16006e+06 5368
1.35815e+06 3938
46648.6 2501
1.69425e+06 3224
nan 4656
4434.33 1788
67012.1 1076
402272 320
6698.88 5369
2.81546e+06 3939
116076 2502
nan 1789
14528.1 4657
5.15122e+06 3225
67751.7 1077
1.98004e+06 321
88539.8 1790
961740 3940
612838 2503
1.9539e+06 4658
8.6935e+06 5370
1.01174e+07 3226
191681 1078
2.65319e+06 3941
2.17126e+06 2504
1.03815e+06 1791
113641 3227
143829 4659
4.44349e+06 322
nan 5371
113671 1079
29650.9 3228
nan 3942
96770.7 5372
29217.6 1792
1.11743e+06 4660
2.97572e+08 2505
400032 323
162255 1080
nan 3943
262621 5373
422723 4661
833053 1793
172831 1081
4.00021e+06 3944
1.58222e+06 3229
1.31611e+06 324
132324 2506
1.39556 5374
91152 1794
1.50503e+06 4662
841659 1082
nan 2507
837516 5375
581062 3945
1.31635e+06 3230
60282.4 325
484036 4663
791155 1795
701853 3946
10602.5 1083
2.97928e+06 5376
434791 326
1.51725e+06 3231
3616.43 2508
610551 4664
0.964976 5377
220184 1084
39005.1 3947
643140 327
2300.8 1796
9.02575e+06 3232
865289 2509
555853 5378
153463 1085
26069 4665
2.5227e+06 3948
215245 5379
nan 328
3.42649e+06 1797
1.35455e+06 2510
3.30166e+07 3233
7.5055 3949
1085.28 1086
12069 4666
nan 5380
139900 1798
nan 2511
36033.1 3234
340554 1087
9.23679e+06 3950
5.31578e+06 4667
693248 5381
3.78914e+06 329
69716.3 3235
4.46296e+06 2512
204760 1799
49675.8 330
26458.6 1088
8517.8 5382
502784 4668
950083 2513
nan 3951
91400.4 3236
1.22883e+06 1800
13558.2 1089
1.12928e+06 5383
117122 2514
1.35593e+06 4669
488331 331
254145 1801
238080 3237
31832.7 3952
140406 1090
618255 4670
36995.8 5384
nan 2515
610444 1802
6.7971e+06 332
46529.9 4671
46792.8 3953
790218 2516
174932 1091
1.47811e+06 5385
3.15794e+06 3238
260263 4672
1.4573e+06 1803
3.33725e+06 3954
885931 5386
1.12341e+06 1092
68467.8 2517
514791 333
319992 3239
222265 1093
336782 4673
1.04318e+06 3955
1.14378e+06 1804
85587.7 5387
4.04485e+06 2518
1.0365e+06 1094
nan 5388
1.22703e+06 3240
1.04682e+06 3956
3.38153e+06 4674
52373 334
12771.1 2519
2.15462e+06 1805
2.07154 3957
243725 3241
2.491e+06 5389
8.30915 4675
1.28263e+06 1095
3.14071e+06 335
1.68265e+06 2520
2.50695e+06 1806
0.825663 1096
87655.8 3242
2981.39 3958
40214.9 4676
1.70134e+06 5390
144303 4677
1.36101e+06 1807
1.45809e+06 2521
11122.5 336
1.34258e+06 3243
1.14256e+06 1097
1.40392e+06 3959
163862 5391
2984.44 337
197393 3244
634296 4678
137640 2522
923573 3960
1.54212e+06 5392
189195 1098
3039.92 1808
1.63991e+06 2523
20343.2 4679
7.45474e+06 3245
nan 338
81898.5 5393
890823 3961
521702 1099
59.1944 2524
232145 1809
0.503287 4680
62409.2 3246
888158 3962
157.233 1100
8.02974 339
1.92616e+06 2525
3.98273e+06 5394
631208 3247
2.41317e+06 4681
28486.9 1101
382784 1810
775009 3963
2.79273e+06 340
732352 3248
814644 2526
nan 4682
216792 3964
4.99072e+06 5395
24767.3 1811
45883.3 1102
3.00044e+06 3249
0.518201 1103
584339 4683
464792 341
756800 2527
107904 1812
2.415e+06 3965
824492 3250
173038 1104
4.75275e+06 5396
0.558506 1813
11855.4 2528
976165 4684
1.32936e+06 3251
3.01428e+06 3966
1.85897 5397
23580.9 342
775652 1105
427367 1814
2.0227e+06 2529
151586 5398
2848.89 3967
3.36648e+06 4685
2.26589e+06 3252
3427.34 343
885931 3968
453644 2530
6.45458e+06 5399
26.1649 3253
1.46949e+07 1106
7.63648 1815
153034 4686
1.98772e+06 5400
1.73904e+06 3254
4.12069e+06 2531
1.27719e+06 1816
924832 3969
301285 4687
335384 344
368191 1107
769388 3255
1.30935e+06 5401
122917 2532
0.502731 3970
nan 345
533133 1817
21956.9 4688
795457 1108
252219 3971
434265 3256
2.13857e+06 1818
3.66561e+06 5402
101631 4689
4.73631e+06 2533
52221.7 3972
102275 1819
107792 1109
7.77925 5403
842632 4690
1.79458e+06 3257
5.2036e+06 2534
135032 3973
1.10124e+06 1820
156305 346
84582.3 5404
428561 3258
2.20143e+06 4691
758986 347
41064.1 2535
907915 5405
502478 3974
157399 1110
1.26301e+06 1821
3.50312e+06 3259
nan 2536
1.32144e+06 5406
1.00116e+06 4692
181340 348
220701 3975
49061.5 1111
2.15922e+06 3260
529344 1822
14094.6 2537
576414 5407
2.53417e+06 349
3.40789e+06 4693
1.7755e+06 3976
584017 1112
200.381 1823
674534 3261
32425.2 2538
2.83621e+06 5408
17.0221 4694
1.64271e+08 350
285406 3977
104937 1113
1.05052e+06 3262
233715 5409
1.34506e+06 2539
1.18088e+06 1824
5.49166e+06 4695
1.14537e+07 3978
7.13647e+06 351
419359 3263
795502 2540
242535 1114
811625 5410
nan 4696
4.69229e+06 1825
618602 2541
1.10006e+06 3979
1.25351e+06 352
89337.1 5411
188649 3264
3.77541e+06 4697
1.18e+06 1115
0.50396 3980
1.94724e+06 2542
nan 1826
662.006 353
3.77135e+06 3981
108337 1116
1.9538e+06 4698
205882 3265
2.05914e+06 5412
14563.4 2543
9847.47 1827
0.503603 3982
633262 354
313881 4699
1.20651e+06 2544
523088 1117
357638 5413
488407 1828
913761 3266
433054 3983
2172.99 5414
2.3141e+06 1118
329282 2545
27697.6 4700
786008 355
835006 3984
135891 3267
761412 5415
1.49514e+06 2546
3.19676e+06 1829
5285.81 4701
853046 1119
4.54769 356
1.56776e+06 3985
1.17078e+06 2547
129000 3268
2.12578e+06 5416
915820 3986
81881.9 357
42272.2 1120
112458 1830
24602.9 4702
1.00175e+06 2548
165870 3987
135070 3269
1.02606e+06 4703
432834 1121
nan 358
210426 5417
1.73399e+06 1831
2.20286e+06 2549
107244 3270
2.51547e+06 4704
1.4909e+06 3988
1.92611e+06 5418
108348 1832
2.25994e+06 1122
1.31518e+07 359
1.60034e+06 3271
93669.8 2550
105351 1833
1.72182e+06 4705
721941 5419
6.35022e+06 3989
944241 1123
nan 360
143169 3272
181343 2551
74246.7 4706
1.62714e+07 1834
3.65138e+06 3990
1.37011e+06 5420
12606.6 361
nan 1124
0.513848 2552
107749 5421
4.45098e+06 3273
550701 1835
882843 3991
327685 4707
2.02484e+06 1125
41473.1 362
13753.7 2553
1.11696e+06 5422
nan 1836
614994 3274
4152.45 4708
350228 1126
11725.6 3992
37350.5 2554
2.02542e+06 5423
1.51145e+06 363
0.510078 4709
230436 1837
38265.1 1127
6.23628 2555
848522 3275
7301.87 364
163090 3993
299573 5424
774916 4710
778711 1128
100161 1838
1.67004e+06 2556
5.51677e+06 3276
49463.7 5425
7793.39 1129
599201 3994
1.19617e+06 4711
781508 1839
45362.5 365
nan 3277
1.53865e+06 2557
1.35675e+06 5426
391586 1130
725472 3995
8.79719e+06 4712
257303 366
28404 3278
nan 1840
569901 3996
234246 2558
1.12616e+06 4713
2.85778e+06 1131
1.20929e+06 5427
855380 3279
1.14973e+07 1841
1.05793e+06 367
466093 3997
596935 5428
nan 2559
85734.4 3280
1.51515e+06 4714
513614 1132
1.13801e+06 1842
15549.3 368
12012.6 3998
22615.4 5429
1.13333e+06 2560
711388 1843
1.83266e+06 3281
156146 1133
1.49725e+06 4715
361979 5430
390194 3999
563281 1844
843797 2561
6126.05 3282
34457 1134
9.53002e+06 369
1.55704e+07 4716
13576 1845
3.32399e+06 4000
103738 5431
7.42986e+06 2562
5.84125e+06 3283
89367.9 1135
nan 370
1.19958e+06 4717
102597 1846
264572 2563
104928 4001
1.91362e+06 5432
4.85585e+06 3284
nan 1136
1.13847e+06 4718
3.97243e+06 1847
31615.1 371
2.13958e+06 4002
72884.1 2564
65888.6 3285
1.35987e+06 5433
133296 4719
390955 1137
2.81862e+06 1848
nan 4003
1.48073e+06 3286
884435 2565
115934 5434
1.28529e+06 4720
2.61127e+07 372
1730.1 1138
1.5498e+06 3287
1.22702e+06 1849
1.48135e+06 4004
36689.3 2566
60564.3 4721
35204.3 5435
11867.2 373
495977 1139
578405 3288
1.08193e+06 4005
804548 1850
9.57525e+06 2567
0.504763 1140
730134 5436
292744 4722
319657 3289
548834 2568
86930.5 4006
664695 1851
3.03532e+07 374
180912 1141
754235 5437
4.47889e+06 4723
1.31286e+06 3290
811431 2569
11274.7 375
6740.65 1852
20745.5 4007
835186 1142
821044 4724
364552 3291
454524 2570
1.05139e+06 5438
892314 4008
984790 376
1.97806e+06 1853
418075 1143
0.999586 2571
1.39909e+06 3292
2.56527e+06 4725
501337 4009
54715.2 5439
37454.6 1854
564049 1144
57815.8 3293
nan 2572
139563 377
68047.9 4726
68038.2 5440
2.14768e+06 4010
59164.7 1855
1.16449e+06 4727
210833 1145
128597 2573
1.12017e+06 4011
1.65731e+06 3294
124120 1856
54568.4 378
307484 4728
5.49186e+06 5441
1.05619e+06 4012
927664 2574
114453 3295
7.62812e+07 1146
924151 1857
335793 4729
2.83988e+06 5442
3.0916e+06 379
47713.5 1858
2.53043e+06 2575
802297 4013
1.1564e+06 3296
419494 4730
1.02461e+06 1147
306685 5443
251238 380
1.41437e+06 3297
1.45904e+06 2576
1.12622e+06 1859
15788.8 4014
362086 4731
88068.4 1148
118797 381
nan 3298
2.47219e+06 2577
1.38285e+06 1860
494491 5444
741457 4015
202999 4732
783.61 1149
761457 2578
235634 3299
9981.73 4733
126612 5445
1.93035e+06 1861
4.60474e+06 4016
0.933192 1150
nan 382
1.03578e+06 4734
145844 1862
2.57549e+06 2579
455469 3300
140913 5446
3.62752e+06 4017
342585 1863
681077 1151
1.43171e+06 2580
972286 4735
868626 383
1.96865e+06 3301
787355 5447
1.28422e+06 4018
656517 4736
0.969572 1152
502191 1864
1.29912e+06 3302
nan 4019
7059.75 5448
16947.5 2581
178668 384
472807 4737
228718 1153
2.4039e+06 1865
nan 4020
1.65874e+06 3303
794647 4738
358991 5449
725044 1154
158829 1866
nan 2582
56345.5 3304
6.27695e+06 385
42122.4 4021
839036 4739
0.683586 1867
nan 5450
883545 2583
1.39454e+06 1155
0.502991 4022
283813 3305
nan 4740
192593 1868
3.18557e+06 386
2.34314e+06 2584
169216 4023
1.34082e+06 5451
18865.2 1156
223409 4741
17955.4 1869
1.20555e+06 3306
2.88921e+06 387
nan 2585
355285 1157
435377 5452
1.84738e+06 4024
1.48186e+06 4742
1.97616e+06 3307
120.202 2586
2.98959e+06 1870
39448.8 4025
36134.2 4743
nan 388
166200 1158
1.36283e+06 5453
4844.43 3308
nan 2587
1.38426e+06 4026
701855 4744
2.02523e+06 1871
886450 5454
841574 389
58653.2 3309
352923 1159
49958.7 4745
55827.8 2588
3032.45 4027
750249 1872
4.72434e+06 5455
6.79591e+06 390
3.775e+06 3310
579841 2589
6302.91 1873
3.03286e+06 4746
0.515359 5456
2.00073e+06 4028
4.27325e+07 1160
579517 3311
110403 1874
1.45828e+06 2590
4632.28 4747
3711.82 5457
159907 3312
54935.5 4029
339077 1161
nan 391
3.13658e+06 1875
58792 2591
467466 5458
188587 4030
120452 4748
1.22172e+06 3313
35799.7 1162
795734 1876
nan 392
3.01561e+06 2592
874949 4031
852934 3314
2.25364e+06 5459
905.921 4749
123187 1163
2.57256e+06 2593
646006 1877
851574 4750
5330.34 4032
nan 5460
145577 3315
114012 1164
536260 393
325602 4751
686608 2594
1.22982e+06 1878
820402 3316
45039.4 1165
942983 5461
7.32014e+07 4033
999052 394
155891 4752
563105 2595
8.4702e+06 1879
2.10104e+06 5462
1.43734e+06 4034
319296 3317
5.65342 1166
1.43909e+06 1880
152760 4753
181394 5463
0.500001 2596
1.70102e+06 1167
3.64729e+06 3318
2.29999e+06 395
186060 4035
1.87703e+06 1881
1.10469e+06 5464
nan 4754
3.00851e+07 2597
1.90564e+06 3319
38724.1 1168
20937.5 4036
7.54302e+06 5465
131454 396
336272 1882
678384 4755
323919 3320
1.23365e+06 1169
nan 2598
53264.5 5466
835829 397
1.41195e+06 1883
1.13524e+06 4756
1.78035e+06 4037
684099 3321
2.6241e+06 1170
745226 2599
180096 1884
3838.48 4038
1.81947e+08 5467
1.59376e+06 4757
691107 398
4.86053e+06 3322
804244 1171
1.40035e+06 4039
1.9999 4758
33527 2600
164269 1885
987364 5468
734428 4759
843822 1886
nan 3323
1.32445e+06 2601
36032 1172
1.62041e+06 4040
136148 5469
1.29094e+06 399
1.15529e+06 4760
61030.2 400
5.49002 3324
391164 2602
1.17198e+06 1887
154242 4041
52232.2 1173
33236.5 401
1.55291e+06 5470
293145 4761
7.96296e+06 3325
2.71565e+06 4042
1.62048e+06 2603
5.18106e+06 1888
511595 1174
5.01151e+06 5471
63237.3 402
2.10186e+06 4762
19943.9 1889
670179 2604
2.31966e+06 4043
694426 3326
106092 5472
1475 1175
1.594e+06 1890
1.3503e+06 4763
1.28449e+06 4044
1.01196e+06 2605
2.85996e+06 3327
0.966215 1176
1.29254e+06 5473
1.27028e+06 1891
2.12552e+08 4764
614510 3328
nan 403
29203.5 2606
1.35783e+07 4045
5.77968e+07 1177
2.71438e+06 3329
790989 5474
441164 4765
42042.5 2607
13044.6 1892
1.48567e+06 4046
nan 1178
372381 3330
14766.8 4766
1.26929e+06 404
601979 2608
960946 5475
90197.5 1179
481759 1893
589432 3331
2.25468e+06 4767
393561 4047
1.12184e+06 5476
6.87625 405
647082 2609
999505 1894
41906.1 4768
100550 1180
1.72061e+06 3332
61862.5 4048
717480 1895
771958 2610
144780 406
4.25504e+06 5477
2077.92 4049
54152 4769
1.17047e+08 3333
2.39459e+06 1181
369250 1896
1.72507e+06 3334
895650 2611
177280 5478
916437 4050
14360.5 4770
770036 407
567030 1182
207585 3335
nan 1897
nan 5479
1.51521e+06 2612
1.77493e+06 4771
2.08112e+06 408
1.30033e+06 4051
843462 3336
1.48157e+06 1183
381787 4772
4858.2 5480
1.01438e+07 1898
1.62262e+06 2613
307692 3337
1.63061e+06 409
5.7229e+06 4052
207.173 5481
2.50387e+06 1184
47865.9 4773
189696 3338
1566.33 2614
238065 5482
nan 1185
1.3095e+06 4053
451333 4774
nan 410
1.83845e+06 1899
1.12376 3339
2368.68 1186
14878.8 2615
74413.1 411
1.64654e+07 5483
1.04334e+07 4054
1.6053e+06 4775
2.74135e+06 1900
930089 3340
nan 1187
268536 2616
135609 412
106967 4776
695341 5484
3823.51 4055
649079 1901
989176 3341
108071 1188
33448.9 413
8.55804e+07 2617
1.21307e+06 5485
nan 4056
4.10265e+08 4777
221581 1902
1929.93 3342
1.05226e+06 1189
5.04692e+06 2618
0.500958 414
471494 1903
nan 3343
1.22299e+06 4778
1.11156e+06 5486
270921 1190
2.21972e+06 4057
767816 5487
nan 415
50488.4 1904
846746 3344
nan 1191
3.80971e+06 4779
106876 4058
2.3618e+06 2619
493727 416
33616.9 1905
3.83985e+07 5488
nan 4780
737100 3345
133883 2620
26186.7 1192
nan 1906
693064 4059
0.804622 3346
6.53694e+06 5489
2.38924e+07 4781
2.61991e+06 2621
128940 1193
nan 417
783095 4060
782466 4782
195332 1907
1.2146e+06 5490
4.69528e+06 3347
1.42955e+06 1194
395.299 2622
169040 418
574293 4061
91508.5 3348
13518.2 4783
0.500911 2623
455301 1195
146381 5491
52832.9 1908
4.86997e+06 4062
866621 5492
3.35371e+06 2624
1.07563e+06 419
6.53178e+06 3349
430906 1196
1.08485e+06 1909
835397 4784
13890.9 2625
1.36582e+06 4063
47625.9 420
nan 3350
1.22101e+06 1910
2.88844e+06 5493
1.06625e+06 4064
765292 4785
1.52476e+06 2626
50632.5 421
378786 1197
0.694991 3351
344.28 4065
1.60333e+06 2627
697402 1911
1.06958e+06 5494
687365 4786
773160 1198
784398 3352
nan 422
2.3212e+06 2628
743058 5495
419903 4066
2.14978e+06 4787
38574.8 1199
8295.32 1912
614399 3353
1.58143e+06 4067
1.15797e+07 2629
496396 1913
nan 1200
26122.7 3354
594363 4788
141390 5496
221107 4068
15807.1 2630
nan 423
3853.51 1201
1.15188e+06 1914
nan 4789
nan 5497
1.6323e+06 3355
164518 4069
272062 2631
6696.25 424
3719.59 5498
1.02314 4070
1.58748e+06 3356
168701 1915
3.43083e+07 4790
146510 2632
1.68547e+06 1202
463.228 5499
6801.71 4071
247431 1916
2.63511e+06 4791
nan 425
125701 2633
951666 3357
143459 5500
2.03079e+07 1203
38024.3 4072
147238 1917
525649 2634
577839 4792
698516 3358
2.18714e+06 5501
8.51225e+06 1204
2.17091e+06 4073
2.50347e+06 426
1.88894e+06 2635
3.60752e+06 1918
671746 5502
2.09644e+06 1205
1.34602e+06 4793
580143 427
1.78972e+06 4074
189245 3359
59166.3 2636
2.13939e+06 1919
950045 1206
27850.1 5503
156807 4075
1.84424e+06 3360
5517.58 4794
114143 428
0.500091 5504
632944 2637
274035 429
26565.3 4076
931641 4795
2.42413e+06 3361
415750 1207
0.503189 430
1.98741e+06 5505
nan 1920
68.3498 2638
687463 3362
2448.36 1208
244626 4796
482634 1921
70.9704 5506
190491 4077
748164 3363
20348.3 431
14718 2639
325718 4797
383119 4078
103384 1922
824073 3364
789069 2640
1.90192e+07 5507
6.95354e+06 432
402525 4798
238317 1209
1700.21 2641
1.20424e+06 3365
2.2815e+07 4079
1.10466e+06 5508
142175 1923
1.9012e+06 433
599987 2642
946891 4799
1.89658e+06 3366
386084 1210
1.82043e+06 434
131513 5509
2.98622e+06 4080
2.90989e+06 4800
nan 5510
1.84752e+06 2643
154752 3367
277605 1924
1.22113e+07 1211
959030 4081
692803 4801
nan 435
990638 3368
2.26952e+06 5511
1.00064e+07 2644
442877 1925
1.28569e+06 4082
146717 4802
105377 5512
44677.3 3369
2.30518e+07 1212
1.25915e+06 2645
172168 4083
1.01454e+06 436
6.34149e+06 1926
nan 5513
2.53831e+06 4803
1.69516e+06 3370
27030.5 437
820489 2646
4805.7 4084
nan 5514
1.46331e+06 1927
1.53673e+06 4804
81392 1213
1.78372e+06 3371
44772.4 438
951293 4085
7.92329e+06 5515
489582 4805
6.00932e+06 1928
109100 3372
1.42462e+06 1214
49686.2 2647
149437 439
208874 5516
821621 4806
2.34084e+06 4086
nan 3373
252552 1929
nan 1215
2.233e+06 2648
27967.9 5517
46706.3 3374
246860 440
1.27829e+07 4807
14895.1 1930
2.45564e+06 1216
2.03653e+06 4087
88804.3 5518
1.70249e+06 2649
267296 441
144734 4808
792575 3375
2.18914e+06 1931
nan 1217
nan 4088
47785.3 2650
1.12862e+06 5519
297087 442
1.27434e+06 3376
1.18263e+06 4809
238972 4089
188128 1932
332539 5520
20177.7 2651
1.9885e+06 1218
358409 443
15456.7 4810
183723 3377
1.54519e+06 2652
1.94235e+06 4090
125311 5521
21053.3 1933
471104 1219
307694 4811
9374.05 2653
221697 444
308948 3378
1.53414e+06 5522
98709.3 1934
2.44616e+06 4091
174764 4812
2579.34 2654
nan 445
701786 3379
172984 1220
5.54033e+07 4092
5955.95 1935
806875 5523
1.40584e+06 2655
1.7059e+06 4813
1.98559e+06 446
1.86612e+06 3380
1.37037e+06 1221
56784.2 1936
1.41087e+06 4093
2.45174e+06 5524
20170.7 2656
1.16095e+06 3381
10131.5 4814
18964.1 4094
1.0104e+06 447
538662 1937
3493.54 2657
nan 5525
1.42713e+08 1222
68712.3 4815
50606.7 3382
1.27943e+07 4095
1.52541e+06 1938
9951.01 5526
55178.7 2658
1.08431e+06 1223
179571 3383
3659.89 448
8.52264e+06 4816
1.6654e+07 5527
376657 4096
70916.5 1939
1.52298e+07 2659
0.505523 4817
nan 1224
214620 3384
1.6188e+06 449
797376 5528
419964 4097
1.67127e+06 1940
953.763 2660
76677.9 4818
7.11105e+06 3385
1.22737e+06 4098
870425 1225
171834 5529
713505 450
7.94053e+06 1941
1.66438e+06 4819
425079 4099
325748 2661
1060.86 5530
2.5951e+06 3386
1.04883e+07 1226
18817.1 1942
17056.5 451
1.20483e+06 4100
688739 2662
110675 5531
2.92453e+06 4820
2.56969e+06 3387
54698.2 1943
1.30412e+07 452
5.1587e+07 4101
172017 1227
271358 2663
nan 4821
2.80814e+06 5532
nan 3388
211335 453
525489 4102
2.03428e+06 1944
nan 1228
2.65887e+06 2664
78380.1 454
151681 5533
2.03975e+06 4822
683048 4103
70783.5 2665
817290 3389
6.23112e+06 1945
4221.61 5534
2.25501e+06 1229
138031 4823
952807 2666
3.28828e+06 4104
41334.1 1230
1.59055e+06 1946
871389 3390
139779 5535
2.22557e+06 455
143726 4105
1.99997 1947
1.75431e+06 5536
36595.5 4824
3.91388e+06 2667
1.21715e+06 3391
nan 456
2.97933e+06 4106
2.34286e+06 1231
48983.9 3392
2.1576e+06 1948
270816 5537
nan 4825
1.30462e+06 2668
1.69213e+06 4107
312596 457
275818 3393
127911 4826
2.37637e+06 1949
14069.5 1232
964490 5538
571015 2669
8.13595e+06 3394
45456.3 1950
2.03664e+06 4108
106675 4827
nan 458
61330.4 2670
1.8379e+06 5539
2.534e+06 1233
515740 3395
2.15905e+06 4109
359418 4828
nan 1951
78174.9 5540
1.22187e+06 1234
998109 2671
61523 3396
994942 4110
864954 459
nan 1952
4142.2 4829
17889.5 2672
1.107e+06 5541
5.04002e+06 1235
34274.5 3397
1.21092e+06 4111
1.86407e+06 1953
nan 4830
nan 2673
nan 5542
1.50622e+06 1236
351297 3398
1.93137e+06 4112
2.58841e+06 460
324244 1954
452170 4831
992421 2674
27596.1 3399
nan 5543
270559 461
80231.9 4832
458326 1955
614890 4113
4.15876e+06 1237
2.18903e+06 2675
7.15375e+06 3400
117034 5544
942135 1956
4.44373e+06 4833
2.5657e+06 462
1.63715e+06 4114
576703 3401
8.4657e+07 1238
6.89009e+06 2676
3.5363e+06 5545
1.86085e+06 4834
39093.3 1957
264835 3402
12875.2 1239
44892.9 463
nan 5546
nan 4115
40829.1 2677
nan 5547
1.14344e+06 3403
308987 464
923702 4835
410606 1240
76149.2 4116
nan 1958
600329 5548
137959 2678
121231 4117
2.68522e+07 1241
2.803e+06 3404
9.55229e+06 4836
805410 1959
669834 5549
53.0363 2679
1.47242e+06 465
1.0131e+06 4118
2.68709e+06 3405
0.500612 466
16140 1242
203325 4837
473785 1960
16566.6 5550
584639 4119
272627 467
12866 2680
2.00583e+06 3406
1.11628e+06 1961
1.92379e+06 5551
3.10582e+06 4838
846750 1243
2.31384e+06 4120
248552 2681
359864 468
nan 5552
781303 3407
216312 1962
2.03426e+06 4121
8739.38 4839
3.08935e+06 1244
447264 469
39564 5553
1.16474e+06 2682
1.23301e+06 3408
391912 4840
nan 1963
2.35975e+06 4122
1.11645e+06 1245
1.07835e+06 5554
30215.8 470
3.0893e+06 2683
3288.46 4841
203164 3409
782031 4123
200989 1246
320147 1964
670032 2684
648991 471
348505 5555
152880 4842
11885.7 1247
479395 4124
1217.51 3410
718215 1965
1.18799e+06 4843
838919 5556
4.92827e+06 2685
nan 1248
60001.5 4125
28141.1 3411
188590 1966
3.29196e+06 5557
2.78127e+06 2686
0.965815 4126
1.56838e+06 472
977140 1249
2.34451e+06 4844
4777.31 2687
241163 3412
3.0073e+06 4127
1.57911e+07 1967
1.13509e+06 5558
2.83976e+06 473
114224 4845
62478.1 3413
116744 2688
943894 4128
513.131 1250
625383 1968
1.69534e+06 5559
353464 474
1.05614e+06 3414
nan 4846
7.99716e+06 2689
59679.8 4129
49031.1 5560
1.55928e+06 3415
642999 4847
26041.9 1969
518181 1251
1.40695e+06 2690
4772.17 3416
nan 4130
947876 475
7.72061e+06 5561
nan 4848
407937 2691
nan 1252
728225 1970
0.500224 4131
26324.1 3417
nan 5562
1.90751e+06 4849
0.500506 4132
1.73783 3418
2946.2 5563
379478 476
159423 2692
1.31693e+06 1253
3.47269e+06 1971
1.99e+06 4133
93859.6 3419
20465 4850
921045 2693
307808 5564
3.04997e+06 1972
2.33368e+06 1254
409854 477
1.71395e+06 4851
1.54723e+06 4134
1.9633e+06 5565
110897 3420
1.0063e+06 2694
805604 1255
26953.6 1973
14418.3 4135
884.541 478
5.21397e+06 5566
270409 4852
3310.13 3421
178402 2695
nan 4136
83284.3 5567
8169.23 4853
650776 3422
1.05037e+06 1256
557230 479
29202.9 2696
223227 1974
212021 4137
479826 5568
1.75608e+06 3423
1.73699e+06 4854
nan 1257
797373 1975
699967 4138
170193 480
1.35194e+08 2697
1.11873e+07 5569
690336 3424
115429 1258
2.40302e+06 4855
1.19924e+06 4139
5.544e+07 1976
851476 3425
731438 5570
55538.2 2698
295181 481
337736 4140
791584 1259
174938 1977
37164.2 4856
112202 3426
nan 5571
379859 482
8.78067e+06 2699
277390 1260
nan 4141
862770 4857
0.513895 483
nan 3427
5.48655e+07 1978
168416 2700
298632 1261
150480 4142
295317 5572
1.08991e+06 4858
1.77649e+06 3428
125448 2701
4.47042e+06 1979
51886 5573
nan 484
108302 4859
386189 4143
812.222 1262
12820.8 3429
1.00176e+06 2702
1.3074e+06 1980
184092 485
1.11862e+06 4860
666899 4144
5.05191e+06 5574
112285 3430
4.89562e+07 1263
nan 2703
82565.4 5575
1.66712e+06 1981
2.76261e+06 4145
72290 1264
19262.1 4861
nan 3431
102397 4862
1.33161e+06 486
2.92609e+06 4146
108954 5576
311915 1982
58925.2 1265
497690 3432
3.86252e+07 2704
1.55453e+06 487
1.15265e+06 4863
2.97493e+06 4147
1.90349e+07 5577
4.37532e+06 1983
143757 2705
nan 1266
1.3222e+06 488
747.62 4864
130519 4148
3.05221e+06 3433
1.42462e+07 1984
1.52858e+07 5578
60962.6 2706
nan 1267
156494 4865
nan 3434
1.47708e+06 4149
119383 489
849646 5579
33482.6 490
nan 2707
1.45323e+06 4866
1.4979e+09 1268
1.12954e+06 1985
1.14253e+06 4150
603168 3435
402522 5580
16242.8 2708
2.56354e+06 3436
736448 4151
159002 491
1.67135e+06 4867
14031.7 1986
72347.5 5581
222095 1269
21956 3437
463507 2709
1.95426e+06 4152
2.99088e+06 4868
85767.9 1987
722833 492
601395 3438
1872.18 5582
55460.9 2710
1.06271e+06 1270
629912 4153
202289 3439
473305 4869
4779.31 1988
159770 5583
1.07262e+06 2711
1.7169e+06 4154
1.44446e+06 493
1.29945e+06 1271
1.19268e+07 4870
108684 1989
1.61403e+06 3440
242694 2712
1.65042e+06 5584
113777 4155
108293 494
29574.2 4871
517016 2713
75784.7 1272
1.05844e+06 3441
187088 1990
1.25358e+06 4156
180033 5585
988300 4872
702899 1273
16425.4 495
493472 4157
63293.4 2714
642185 5586
3.00403e+06 1991
2.80601e+06 3442
233738 4873
32593.3 1274
1.23661e+06 4158
2.53706e+06 1992
75817.2 2715
126634 496
1.33239e+06 3443
1.48708e+06 4874
nan 5587
119626 4159
1.45052e+06 2716
453209 1275
2341.55 1993
123195 497
395900 5588
4.54283e+06 3444
5.85752e+06 4160
64662.9 4875
6.0807e+07 1276
3.17931e+06 2717
1.35183e+06 1994
2.12644e+06 5589
774811 498
998661 4161
516757 3445
21220.8 4876
2.3073e+06 2718
2.57007e+06 1277
1.55416e+06 5590
1.16895e+06 3446
nan 4877
109214 4162
1.48366e+06 1995
1.1737e+06 499
4.25763e+06 1278
123904 2719
nan 5591
793481 3447
209057 4878
0.500258 1279
105617 1996
1.16117e+07 4163
nan 500
439743 2720
nan 5592
6875.09 4164
1.93308e+06 1997
2.03251e+06 501
3.07997e+06 4879
220165 3448
403210 2721
8250.8 1280
1.60813e+06 5593
1.46962e+06 1998
1.25593e+06 4880
14868.5 502
1.00819e+06 3449
1.29698e+07 4165
80017.8 1281
1.89305e+06 5594
714132 2722
3.79982e+06 503
1.10565e+06 3450
1027.7 4166
400457 1999
2798.69 5595
nan 4881
197377 1282
522137 504
679029 4167
423360 3451
97683 2000
894405 5596
24889.7 4882
2.52271e+06 2723
2.51115e+06 4168
8071.12 3452
86321.9 1283
324376 505
851737 2001
5.34076e+06 5597
23059.2 4883
908489 1284
1.18611e+06 3453
3.17377e+06 4169
nan 506
4.54693e+06 2724
572096 5598
989878 2002
0.500305 4884
1.34878e+06 4170
9.80453e+07 1285
114140 3454
137688 5599
132785 507
451873 2725
552126 4885
2.42695e+06 2003
2.31758e+06 3455
1.12786e+07 4171
82780.9 1286
2.39272e+06 5600
2.27255e+06 4886
1.02702e+06 2726
136832 4172
1.0202e+06 3456
613890 508
nan 2004
97631.2 1287
11.5087 5601
1.33022e+06 2727
506821 3457
2.36341e+07 4887
493910 509
1.23458e+06 5602
2.52045e+06 2005
2.2082e+06 4173
nan 1288
151661 2728
753459 3458
nan 4888
1.36869e+07 4174
952572 510
1.38332e+06 5603
538267 2006
nan 2729
6.01865e+06 1289
882356 3459
1.68288e+06 4175
144368 4889
211281 511
3.52227e+07 2730
111971 5604
1.77405e+06 2007
nan 4176
9943.21 1290
1.42884e+06 3460
nan 4890
188366 2731
1.53914e+06 3461
76878.7 1291
169084 4177
1.0906e+06 4891
1.77105e+06 2008
2.19964e+06 512
4.6916e+06 5605
131665 3462
2.51706e+06 2732
5501.57 5606
85917.8 4178
5.31999e+07 1292
4.58848e+06 2009
47326.7 4892
1.96026e+06 513
44566.2 2733
2.11446e+06 5607
647769 3463
71.2456 1293
1649.52 4179
nan 2010
59167.7 4893
182877 514
4.28009e+06 2734
87269.5 5608
1.71358e+06 3464
nan 1294
2.98313e+06 4180
113228 515
2.99602e+06 2011
1.92024e+06 4894
351836 5609
823114 3465
4.87823e+07 2735
1.33926e+06 4181
637924 2012
1.38808e+06 1295
438155 516
2.10919e+06 5610
4.41016e+06 4895
54862 3466
1.79041e+06 2736
nan 4182
837832 2737
nan 1296
60374.3 5611
70447.2 4183
1.0833e+06 4896
1.0534e+06 3467
995649 517
3.14289e+06 2013
2.02688e+06 2738
14534.7 5612
108445 1297
352377 518
70518.3 3468
997802 4897
27279.1 2739
1.32831e+07 4184
767244 1298
3.58805e+06 2014
1.02957e+06 5613
1.09145e+06 3469
43004.8 519
137509 4898
1.18552e+07 1299
129113 4185
2.40134e+06 2740
nan 3470
60687.3 2015
127794 5614
1.60079e+06 4899
88472.2 4186
875273 5615
2.89813e+06 520
941814 2741
3.49542e+06 3471
nan 1300
137.485 4187
1.05423e+06 521
46590 5616
9.55953e+08 4900
4.04105e+06 2016
853.728 1301
427.7 2742
1.02347e+06 3472
96834.9 5617
43252.4 4188
4.01362e+06 4901
nan 3473
6.40346e+06 2017
2.99991e+06 2743
2.69175e+06 5618
3.81409e+06 1302
1.91343e+06 522
850444 4902
128248 4189
7.27707e+06 3474
189291 2744
4.6931e+06 5619
1.39029e+06 4903
8.41958e+06 1303
5.36436e+06 4190
2.0534e+06 3475
9.5481e+06 5620
501231 523
2.5742e+06 4904
2.82824e+06 2745
nan 2018
nan 1304
1.73268e+06 5621
46834.2 4191
916033 2746
9.44774e+06 3476
2.09223e+06 524
nan 4905
2.19336e+06 5622
40279.8 4192
334671 1305
455155 2747
261036 2019
278244 3477
1.22961e+06 4906
978015 5623
34560.6 4193
974652 525
185516 2748
64413.1 4907
1.69274e+06 2020
68006.6 1306
1.12627e+06 3478
52318.6 5624
1.23687e+06 2749
10116.1 4194
4.32696e+06 526
905866 1307
nan 3479
9501.29 5625
6.23132e+06 2021
70655.8 2750
484860 4908
nan 1308
929624 3480
81608.3 527
596332 5626
6.08975e+06 4195
149219 2751
2.24415e+06 2022
134703 4909
564058 3481
4.5168e+06 1309
997508 5627
1.89521e+06 528
518615 2752
326877 4196
226662 5628
203012 3482
nan 2023
nan 4910
129194 4197
486307 1310
nan 529
133473 2753
78002.9 5629
4.88035e+06 2024
50624 2754
2.49372e+06 3483
860476 4911
834548 4198
1.22979e+08 1311
6.3373e+07 530
3.19996e+06 5630
2.37804e+06 3484
400515 2755
1.22967e+07 2025
2.38921e+06 4912
142904 531
8.4054e+06 4199
1.32018e+07 5631
2.83965e+06 1312
1.7857e+06 2756
1.51896e+06 3485
537775 4200
nan 2026
299349 532
2.26689e+06 4913
272872 5632
2.03539e+06 3486
816753 4201
429495 2757
177379 533
1.51945e+06 4914
1.88364e+06 2027
1.98948e+06 1313
30985.1 2758
1.12809e+06 4202
177070 534
1.06278e+07 5633
5.50768e+06 3487
137860 1314
1.07063e+06 2759
2.93943e+06 4915
3964.7 5634
1.83554e+06 4203
6.88815e+06 2028
16.2709 3488
115551 2760
300322 1315
85796.8 535
1.37973e+06 4204
96413.1 4916
3.35776e+06 2029
1.73653e+07 5635
2.09844e+06 3489
187832 1316
2.02273e+06 4205
34662 536
4.9304e+06 2761
39532.7 5636
165846 3490
99056.7 4917
76607.7 2762
1.56852e+07 1317
nan 5637
1.05935e+06 3491
3.74596e+06 4206
229306 2030
2338.12 537
1.26578e+06 5638
928284 2763
1.78319e+06 4918
41610 3492
5.30264e+06 1318
581539 2031
1.04973e+06 4207
89002.9 5639
8.72604e+06 538
1.00138e+07 4919
439680 2764
1.73345e+06 4208
2.18998e+06 3493
665065 2032
2.56289e+06 1319
1.3187e+06 5640
278178 2765
1.00433 4920
370939 539
150151 4209
764533 3494
804259 2033
743485 5641
169728 540
2.18772e+06 2766
303343 4921
55280.1 1320
1.54716e+06 2034
1.31325e+06 4210
1999.13 5642
5109.27 541
105830 3495
872753 4922
2.67458e+06 2767
nan 4211
889532 2035
426296 5643
223199 3496
42061.1 1321
3.97893e+06 4923
163097 2768
nan 2036
332389 4212
39128 5644
838928 1322
90717.6 4924
nan 4213
1.02561e+06 2037
3.80089e+06 2769
7.04903e+06 3497
nan 542
157658 5645
14795 4925
8543.13 5646
588488 4214
729803 1323
281181 3498
158849 4926
2.55543e+06 2038
3.96389e+06 2770
993772 543
135086 3499
2.84027e+06 5647
2407.79 4927
nan 544
1.75961e+06 1324
67538.3 4215
21178.5 2771
nan 5648
nan 4928
985955 2039
nan 3500
2.609e+06 4216
590855 4929
124882 2772
176201 5649
2.2121e+06 2040
1.10045e+06 1325
106704 545
153465 4217
2.72072e+06 3501
684784 5650
nan 4930
nan 2773
1.09059 1326
656534 546
215737 4218
nan 5651
3.99834e+07 2041
52425.2 3502
6.88189e+06 4931
243686 547
2 2774
860419 5652
2.13442e+06 3503
3.3237e+06 4219
167683 1327
425265 4932
661666 2042
615821 548
1.58284e+06 2775
1.74936e+06 1328
2.98538e+06 3504
1.62283e+06 5653
633748 4933
729088 4220
3.51978e+06 2043
99279.3 3505
555563 549
9.19323e+07 1329
79979.3 2776
nan 4221
3.77273e+06 4934
2.91515e+07 5654
1.09601 2044
nan 3506
2.45761e+07 4935
940362 550
3.34973e+07 2777
1.86895e+07 5655
3.93573e+06 4222
2.43862e+06 1330
213594 2045
1.17224e+06 3507
nan 4936
116990 5656
3.41991e+06 551
53964.1 4223
942312 2778
222335 3508
4062.18 5657
239081 1331
781089 2046
2.13404e+06 4937
2.07754e+06 4224
3.29184e+06 552
nan 3509
2.72736e+06 5658
1.11128 4938
676065 2779
465905 1332
4.78806e+06 2047
14474.2 4225
977166 553
1.42371e+06 4939
6900.56 1333
1.58265e+06 5659
462952 2780
2.19166e+06 4226
nan 2048
4.61253e+06 4940
1.33078e+06 3510
nan 1334
95830 554
87418.8 5660
nan 4227
1.98243e+06 3511
8106.62 2049
1.24216e+06 2781
nan 1335
2.88555e+06 4941
766174 5661
5.77074e+06 555
121747 3512
2.71925e+06 4228
1.2061e+06 2782
678525 5662
1.52299e+06 1336
5.3044e+06 2050
2.46326e+06 4942
26.4235 2783
225632 556
52272.3 5663
12346.8 4229
1.93038e+06 3513
2.00103e+06 2051
273794 4943
5.3119e+08 1337
631081 557
0.5 4230
1.8595e+06 2784
789206 5664
nan 1338
4.79474e+07 3514
81014.2 4944
nan 2052
457967 558
995182 4231
1.68759e+06 3515
6078.15 5665
1.91264e+06 2785
3.05911e+06 1339
1.87509e+06 4945
730214 4232
2.398e+06 2053
107680 3516
1.86735e+06 2786
199661 5666
25.1893 4233
922556 559
2.37961e+06 4946
100756 1340
180852 5667
1.94096e+06 2054
11729.3 4947
nan 4234
nan 1341
833989 560
1.01027e+06 3517
0.589895 5668
495553 2787
nan 4948
nan 4235
nan 3518
883.837 4949
1.38615e+06 1342
765330 2055
13659 5669
612403 561
323851 2788
1.7023e+06 4236
20021.1 4950
22221.2 5670
6.18806e+06 3519
6037.53 2056
1.28629e+06 562
nan 4951
1.01029e+06 4237
1.12369e+06 1343
2.24553e+06 2789
79266.3 3520
117635 2057
2.15973e+06 5671
180.617 1344
2251.79 563
1.57634e+06 2790
123429 4238
3.33014e+06 4952
2.07302e+06 3521
266349 5672
nan 1345
82948.4 2058
893757 564
1.16299e+06 5673
1.66906e+06 4953
405924 1346
2.62792e+06 2791
1468.07 4239
590271 3522
41890.9 565
2.14839e+06 5674
51226.2 4954
72169.7 2059
1.76715e+06 2792
1.56553e+06 4240
70436.8 5675
1.2527e+06 3523
2.66632e+06 1347
0.893957 5676
611440 4241
1.82522e+07 4955
733386 2793
nan 566
nan 3524
nan 5677
1.9948e+06 2060
669671 1348
179453 4956
678582 5678
913710 2794
290621 567
150817 2061
nan 2795
72680.1 4957
1.60659e+06 3525
45678.2 5679
522534 4242
117215 1349
1.0462e+06 2796
9.71762 1350
nan 568
nan 5680
621918 4958
888713 2062
2.00033e+06 3526
3.71028e+06 4243
597055 1351
2.27206e+06 2797
nan 5681
384505 4959
824786 2063
2.35859e+06 3527
5.85643e+06 5682
4.4949e+07 2798
57071.7 569
86195.7 4244
1.79017e+06 4960
3.69456e+06 5683
2.40522e+06 2799
17285.4 1352
372698 2064
nan 3528
4734.7 570
977878 4245
1.14633e+06 4961
151138 5684
797.251 2065
5762.94 2800
223250 3529
2.0308 5685
946194 4246
311480 571
nan 1353
872208 4962
416324 3530
13837.6 5686
2.45536e+06 2801
5.09619e+06 2066
377007 4247
0.964692 5687
2.39289e+06 3531
355685 572
69073.1 4963
1.13964e+06 2802
526154 5688
1.04023e+06 2067
358953 4248
7686.4 3532
1.07545e+06 573
1.42697e+06 1354
85975.4 4964
2.19195e+06 5689
1.0864e+06 2803
793494 4249
5.24354e+06 2068
1.07481e+06 3533
71049.4 5690
9211.46 1355
41023.9 4965
2.90745e+06 4250
71643.9 2804
809123 5691
644972 1356
2.51617e+06 2069
752134 574
443902 3534
1.57381e+06 4966
32243.8 5692
997726 2805
982900 2070
1.67928e+06 4251
38925.5 3535
42326.4 575
1.70384e+06 4967
189012 5693
1.66815e+06 1357
2612.94 3536
1.16315e+06 4252
3.02145e+06 2806
546564 2071
2.13221e+06 576
238142 4968
912833 5694
164253 2807
779539 4253
nan 1358
734485 3537
77741.1 2072
1.07989e+06 577
2.83622e+06 2808
539130 4969
1.63138e+06 3538
74135.6 4254
84146.3 2073
nan 578
2.52012e+06 2809
17575.4 4255
4.37404e+06 4970
nan 3539
2.11035e+06 1359
961997 579
1.08953e+06 2074
830546 2810
1.71656e+06 4971
8.20964e+06 3540
188051 4256
131200 2811
43222.4 4972
27284.7 2075
6.76912 3541
172.318 4257
670068 4973
1.9083e+06 1360
1.18956e+07 2812
1.55365e+06 2076
701860 4258
160756 4974
23419.7 1361
277323 580
3.7736e+08 3542
561584 4975
112004 2077
117708 2813
8.44547e+06 4259
50786.6 1362
7.04357e+06 3543
945228 4976
2.61946 581
311835 4977
903737 2814
932450 4260
1.6802e+06 3544
228751 4978
366384 2078
1.43756e+06 4261
71057.9 1363
3.69603e+06 2815
104358 582
1.97414e+06 4979
470106 3545
1.37702e+06 2079
78812.5 1364
416328 4980
2.172e+06 583
1.60545e+07 4262
515537 2816
301327 3546
1.88988e+06 4981
184345 1365
207014 2080
39802.6 4263
45694.8 4982
62078.7 3547
3.31582e+06 584
37486.7 4264
4.97335e+06 2081
nan 2817
1.28502e+06 4983
8.44e+06 1366
4.84409e+06 3548
2.82833e+06 4265
4.37793e+06 585
nan 2082
428047 2818
0.999925 3549
142273 4266
109040 1367
2.01427e+06 586
1.01315e+06 2083
nan 3550
nan 4267
353099 2819
912138 1368
1.66996e+06 587
1.99998 3551
nan 2084
1.10379e+06 2820
2.58287e+06 4268
nan 1369
70364 3552
30674.2 1370
821245 2085
nan 2821
838324 4269
629683 1371
1.09731e+06 3553
1.13416e+07 588
nan 2822
nan 1372
1.184e+06 4270
267312 2086
147510 3554
12566 589
855557 2823
4.39848e+06 1373
20030 590
6.5578e+06 4271
nan 3555
136190 2087
nan 1374
4.17907e+07 2824
2.97322e+06 591
4.89274e+06 3556
1.44719e+06 4272
591123 2088
254654 1375
460767 2089
6.24596e+06 3557
2.44121e+07 2825
nan 1376
3.11721e+07 592
690379 2090
394106 3558
nan 2826
1.27223e+06 3559
3.11289e+06 593
994695 1377
480951 2091
1.538e+06 3560
nan 2827
3.31131e+06 1378
102159 594
2.36843e+06 2092
1.67532e+06 3561
1.90923e+06 595
813732 1379
2.66502e+06 2093
4.36278e+06 2828
11088.1 1380
87488.4 596
2.94746e+06 2094
nan 2829
0.501181 597
4.51199e+06 1381
3.30546e+06 2830
111717 598
2.28599e+06 2095
2.12088e+06 1382
1640.39 599
49495.7 2831
246994 2096
29567.3 1383
12996.6 600
nan 2832
40727.8 2097
182381 2833
8737.09 1384
390386 601
1.85699e+06 2098
755230 2834
1.75003e+06 1385
177092 602
2.22398e+06 2099
22577.6 603
105791 2835
1.74601e+06 1386
714306 2100
57860.3 2836
749699 2101
26510 1387
64603.7 604
nan 2837
86297.6 1388
1.55408e+06 2102
357089 605
1.13009e+06 2103
1.93055e+06 2838
3.1285e+08 1389
2.04162e+06 606
932922 2104
2.54798e+06 2839
110563 607
1.25923e+06 1390
1.86564e+06 2105
729694 2840
34097.7 608
nan 1391
20639.6 2841
36639.9 2106
2.19382e+06 609
153.383 2842
1.58642e+06 2107
4188.92 610
5.40639e+06 1392
1.80362e+06 2843
317970 2108
113647 611
506439 2844
293691 2109
2.30227e+06 1393
1.84594e+06 2110
4.60247e+06 612
1.62022e+06 2845
47971.8 1394
115025 2111
510122 2846
229.401 2112
3.16025e+06 1395
108814 613
66414.1 2113
7.15069e+06 2847
294691 1396
878653 2848
3.57831e+06 2114
1.87977e+06 614
535932 2115
nan 1397
3.71357e+06 2849
3.73628e+06 615
208538 2116
11429.5 2850
432315 616
51434.2 1398
435332 2117
nan 2118
645053 617
1.17569e+06 1399
16781.8 1400
399120 2119
155310 1401
54106.9 2120
1.39633e+06 1402
41713.1 2121
131614 618
15789.9 1403
1.53903e+06 2122
1.80904e+06 1404
14729.8 619
706752 2123
229693 1405
5578.66 2124
286955 620
1.60901e+06 1406
3.27613e+06 2125
nan 621
147534 1407
602051 2126
27604.9 1408
1.36187e+06 622
470151 2127
143245 1409
72611 2128
1.68451e+06 1410
0.500351 2129
1.16694e+06 1411
29798.3 2130
nan 623
568080 1412
1.17479e+07 1413
1.47715e+06 2131
nan 2132
207809 1414
2.43717e+06 624
63799 2133
1.63975e+06 1415
769.01 2134
2.45897e+06 625
2.1409e+06 1416
238041 2135
1.01846e+06 1417
96295.6 2136
49504.7 1418
975638 2137
nan 2138
1.78759e+06 1419
nan 626
876505 2139
860232 1420
28186.6 627
1.52124e+06 1421
47123.6 1422
21578.7 628
nan 1423
3.65175e+06 629
743112 1424
84525.7 1425
738225 1426
nan 630
1.77824e+06 1427
788333 1428
951067 631
2.33831e+06 632
0.9983 633
193143 634
187774 635
nan 636
557266 637
1.29836e+06 638
238896 639
2.30347e+07 640
568743 641
71833.9 642
3.98854e+06 643
617560 644
977391 645
1.12665e+06 646
1.91429e+06 647
2.63204e+06 648
8437.12 649
2.18406e+06 650
2.25548e+06 651
1.64124e+06 652
5.89103e+06 653
4.16751e+06 654
153442 655
1.54552e+06 656
1.08592e+06 657
333930 658
284692 659
170741 660
1.37138e+06 661
724988 662
nan 663
1.42217e+06 664
334654 665
30533.7 666
7.42581e+06 667
3273.64 668
729346 669
857603 670
1.16155e+06 671
2.96263e+06 672
54351.8 673
402994 674
3.35891e+06 675
1.12178e+06 676
400472 677
59813.4 678
834114 679
606628 680
1.51371e+06 681
3.8439e+06 682
529476 683
415585 684
9026.92 685
1.27746e+06 686
1.01908e+06 687
22577.1 688
980411 689
782325 690
3572.18 691
442363 692
64064.4 693
1.37795e+06 694
28302.9 695
3.89797e+06 696
49842.3 697
7.45513e+06 698
145365 699
435441 700
1.15342e+06 701
5.68261e+06 702
3264.67 703
4740.31 704
17956.9 705
458032 706
288044 707
nan 708
5.40502e+06 709
2.17446e+06 710
4.24233e+06 711
nan 712
61696.7 713
6937.49 714
1758.77 715
11558.4 716
1.91011e+06 717
