2060.14 1429
nan 4273
1.38726 4984
594066 718
37658.8 2140
163434 3562
295896 2851
0.499935 4985
249.428 1430
29.6179 0
107386 4274
73727.5 2141
87700.9 4986
337665 1431
1.91684e+06 2852
638367 3563
168812 719
618157 4275
181135 2142
7.35443 4987
155715 1
nan 720
5.87348e+06 3564
87699 4276
3.84778e+07 1432
5.05052e+06 2853
82082.8 4988
20219.6 2
458465 2143
1.43616e+06 721
1.19033e+06 4277
1.85036 4989
12414.1 3565
333144 1433
11255.9 2854
35841.6 722
5573.92 2144
7.31741e+06 4278
206008 4990
101209 1434
2.69147e+06 3
345327 2855
587642 723
1.92878e+06 3566
39312 4279
35963.2 2145
40450 4991
0.774356 724
135583 1435
191624 4
2.83521e+06 2856
254299 4280
765.917 2146
638918 3567
303599 4992
135135 5
0.500478 4281
1.22222e+06 1436
833139 725
278546 2147
1.0789e+06 4993
nan 3568
1.97861e+07 2857
6.66557e+06 4282
3.18503e+06 1437
34.7437 4994
247142 6
50611.1 726
5.63811e+06 3569
1.5938e+06 2148
1.63032e+06 4995
nan 2858
86663.5 4283
13096.6 7
638587 1438
783003 727
599811 4996
821644 3570
452344 4284
951730 2149
216966 728
1122.84 4997
290507 8
33992.6 2859
9.97618e+06 1439
658627 3571
538547 4285
754160 4998
897911 9
651.168 2150
154498 1440
215153 729
1.63848e+06 2860
220712 3572
121035 4999
635372 10
334916 2151
1.43465e+06 1441
1.12182e+06 4286
1.53513e+06 730
8.52564e+06 5000
347339 4287
0.995844 1442
nan 3573
955872 2152
4.75262e+06 11
3.18242e+06 2861
408413 731
1.95839e+06 5001
3963.91 4288
9263.3 3574
1.17691e+06 1443
2 2153
1.41783e+06 5002
57757.3 2862
399953 3575
69666.9 4289
1.01181e+06 12
2.22956e+06 732
2.13837e+06 1444
573180 5003
1.87648e+06 3576
1.24669e+06 4290
422917 2154
2.04123e+06 2863
95320.2 1445
648576 13
1.04228e+06 733
1.4087e+06 4291
751150 5004
147027 2155
453.619 1446
1.16952e+06 3577
965566 734
556309 4292
36314.8 2156
29572.9 5005
43862.9 2864
20425.9 1447
1.44322e+06 3578
460743 14
139675 4293
2.30595e+06 5006
604186 735
702338 3579
7.35024e+06 2157
153057 4294
nan 2865
302925 1448
1.76903 736
34.8441 3580
1.32483e+06 5007
1.30398e+06 15
585398 2158
273133 4295
2.33739 1449
120624 3581
2.17391e+06 737
592751 2866
2.98528e+06 5008
902811 2159
216266 16
2.7731e+06 4296
910875 3582
17823.9 17
122207 4297
1.40641e+06 2160
1.19829e+06 5009
1540.48 1450
300046 738
2.51492e+06 2867
5547.55 3583
292.574 4298
39136.4 1451
nan 18
95721 2161
52210.2 5010
138970 739
43216.2 19
804021 3584
13.3078 2162
404481 1452
131637 4299
50875.2 2868
46042.5 5011
132781 740
855333 20
1.1673e+06 5012
2.53796e+06 4300
2296.36 2163
174.004 2869
88831.8 3585
1.35909e+06 1453
52.9152 741
717881 21
173823 5013
144058 1454
143831 3586
3.07898e+06 2164
487459 4301
286356 2870
1.19529e+06 742
425756 5014
435166 2165
54192.3 1455
863091 3587
4.16063e+07 22
700759 4302
376620 743
1.18466e+06 5015
107330 1456
966445 2166
552618 23
2.80213e+06 2871
2.67784e+06 3588
3.16342e+07 4303
898379 1457
3.92497 5016
40629.4 24
169682 2167
1.13464e+06 744
0.658428 1458
611971 3589
437287 4304
1.23676e+06 2872
619301 5017
0.936254 1459
971829 2168
578896 25
966359 3590
709903 745
388100 2873
2.05802e+06 5018
821589 4305
2663.11 1460
545744 26
143206 3591
39978.9 2169
289821 2874
126043 5019
1.92254e+06 4306
237138 746
1.10218e+06 1461
59826.1 5020
147583 2170
167555 3592
1.37576e+06 2875
960971 1462
197684 747
2644.71 4307
67312.8 27
0.499997 3593
1.00793e+06 2171
171144 5021
661110 748
7449.56 28
1.89295e+06 4308
0.999964 2876
680646 3594
1.08283e+06 2172
1.20169e+08 1463
3.00105e+06 5022
0.62726 2877
3.46316e+06 749
850277 4309
16597.3 3595
1.01079e+07 2173
25989.8 750
2.53401e+06 29
32738.2 2878
2.01377e+06 5023
2.98938e+06 1464
897608 3596
758182 4310
735354 5024
1.02653e+06 2174
821586 30
3.32691e+06 3597
47168.3 1465
582817 2879
119375 751
2.13766e+06 4311
604705 5025
1.17083e+06 2175
595331 3598
1.03598e+06 31
285600 4312
301673 2880
1.55305e+06 752
6.69419e+06 5026
92186 3599
64641.3 32
1.32453e+06 2176
143944 1466
1.66533e+06 4313
5814.46 2881
52443.5 5027
9375.26 753
3.00468e+06 3600
nan 1467
680388 4314
3.54318e+06 2177
9112.02 5028
307136 33
nan 3601
56477.4 2882
2.33044e+06 754
9549.32 4315
nan 5029
1.93379e+06 2178
3.27181e+06 1468
689120 34
144980 3602
487802 755
95925.3 2883
0.93852 4316
44519.9 756
0.529862 3603
197260 5030
167211 1469
239519 2179
106950 4317
84279.1 35
4.4766e+06 2884
82082.6 5031
261595 757
28375 3604
2.51039e+06 1470
2.87805e+06 2885
1.26174e+06 4318
2175.02 2180
24648.6 36
829668 5032
167771 3605
1.18852e+06 758
821509 2886
1.46115e+06 1471
919553 4319
1.80493e+06 3606
6332.05 759
513611 5033
131980 37
5.26255e+06 2181
730869 1472
3096.99 4320
2.29238e+06 2887
908543 3607
1.41447e+06 5034
129785 760
1.99765e+06 2182
79437.3 2888
2.99563e+06 38
70632.4 4321
9.82075e+06 1473
3.18243e+06 3608
1.33715e+06 5035
434377 761
980986 2889
5.53816 2183
49944.1 39
1.52968e+06 4322
1.13516e+06 5036
1.64009e+06 1474
2.48517e+06 3609
766442 2184
39883.3 2890
556533 40
33715 1475
2.37346e+06 5037
65783.2 4323
326472 3610
1.01231e+06 762
147760 2185
2.34053e+06 2891
1507.39 5038
2.13459e+06 1476
2.18058e+06 763
77541.3 2186
162219 4324
57002.4 41
nan 3611
2265.41 2892
512800 764
332031 5039
795741 2187
1.65256e+06 3612
5.09035 2893
1.55368e+06 1477
1.56423e+06 4325
1.58135e+06 3613
84255.1 2894
2.4337e+06 42
1.17342e+06 5040
2799.61 2188
1.02937e+06 765
76347.8 4326
1.51122e+06 1478
nan 2895
45635.3 43
0.499944 4327
0.500376 1479
500952 5041
48852.2 44
872301 2189
171577 3614
1.22604e+07 766
2.03474e+06 2896
659059 4328
222937 45
36814.2 5042
719840 3615
nan 767
363215 1480
96653 2897
1.35402e+06 2190
1.36237e+06 4329
144220 5043
1.73065 46
1.97377e+06 3616
191890 2191
4.85393e+06 2898
1.4965e+06 1481
24288.9 768
1.00038 5044
nan 4330
2.15043e+06 1482
686134 2899
2.6901e+07 47
504450 5045
2.9573e+06 2192
664216 3617
446450 4331
1.61322e+06 2900
981102 769
53143.7 5046
309937 3618
2.2278e+07 4332
535760 1483
24071.9 2193
394567 2901
89482.8 770
1.72097 4333
1.01226e+06 2194
384958 48
2.31032e+06 5047
244564 1484
21901.1 3619
75664.7 2902
0.658279 5048
756373 4334
695875 2195
259673 771
726743 1485
112467 3620
236702 49
45079.7 2903
125987 4335
2.4031e+06 5049
1261.09 3621
810267 2196
914358 2904
1.44985e+06 1486
2.29974e+06 772
11.9996 3622
76696.2 5050
1.40693e+06 4336
800567 50
1.25014e+06 2197
3.5409e+06 1487
23955.8 773
1.48192e+06 5051
2096.81 2905
11543.1 4337
4.29827e+06 3623
136328 51
31107.1 2906
39268.5 2198
nan 774
nan 3624
1.39279e+06 1488
339436 5052
158214 4338
28714.7 2907
3.98194e+06 52
108665 775
1.5652e+06 3625
15042.5 5053
621915 1489
423.231 2908
3.01483e+08 2199
3.05173e+06 4339
660.746 2909
753149 3626
3.4249e+06 5054
99431.5 53
998259 1490
93330.8 4340
1.75491e+06 776
3503.84 2910
1.33647e+06 5055
555147 2200
1.8453e+06 54
114790 1491
1.482e+06 4341
5.30751e+06 3627
77470.8 5056
290402 777
753.41 55
47747 2911
2414.1 2201
1.97652e+06 3628
362158 4342
2.68463e+06 5057
34417.3 778
392861 1492
1.68744e+06 2912
51996.4 56
584643 4343
869358 3629
1.70327e+06 2202
925688 5058
1.60229 4344
952015 779
1.37416e+06 2913
5.68064e+06 1493
1.11165e+06 3630
3.78157e+06 57
2.14457e+06 2203
738958 780
1.33924e+06 4345
996731 5059
2.86515e+06 2914
44652.3 3631
642134 1494
96642.3 4346
2087.1 58
386702 2915
270328 2204
1.90681e+06 5060
372342 781
839271 3632
1.96844e+06 1495
700396 2916
595046 2205
nan 5061
291859 59
2.01161e+06 4347
29.4813 3633
1.84493e+06 1496
500834 782
589341 5062
9317.7 2917
3772.71 2206
281857 4348
7652.39 783
2.56597e+06 5063
2.1128e+06 3634
3.15915e+06 2918
2.9599e+06 1497
2.35873e+06 60
93152.2 2207
8262.15 784
0.747899 3635
0.493154 5064
812662 4349
2675.51 2208
389064 1498
3.85239e+06 61
1025.49 2919
561064 785
245937 3636
125930 5065
8.0808e+07 4350
357564 2920
630983 1499
1.81142e+06 62
841370 2209
677627 3637
43988.3 786
190596 1500
695600 4351
103.401 2921
476965 63
327198 3638
2.08829e+06 5066
1.2755e+06 787
1.88422e+06 2210
277181 4352
1.64433e+06 2922
5131.18 3639
143660 5067
17957.1 64
191694 788
1.0784e+06 4353
1.75901e+07 2923
330432 2211
1.45013e+08 1501
935322 3640
0.498431 4354
114612 5068
1.02616e+06 789
2.24367e+06 65
534562 2924
57909.8 1502
1.12988e+06 2212
689723 3641
158766 5069
164187 4355
785283 790
8856.94 66
1.0558e+06 1503
59509.3 2213
2.16938e+06 3642
54833.2 4356
871050 5070
205032 2925
nan 1504
553519 4357
172929 3643
1.93024e+06 2214
nan 5071
165964 67
3.31213e+06 791
1.16371e+06 2926
145148 4358
510075 3644
1.11453e+06 1505
2.63104e+06 68
1.8826e+06 2927
2.96503e+06 2215
785.028 792
63913.1 5072
102677 3645
22.4046 69
203268 4359
1.52306e+06 2928
16718.7 5073
1.09804 3646
nan 2216
1.12034e+06 793
381484 70
1.01228e+06 1506
1.15355e+07 2929
264229 5074
145769 3647
2.0843e+06 4360
25279 71
478353 2217
1.83198e+06 794
165175 1507
0.525285 3648
102040 2930
1.19577e+06 4361
7365.34 1508
21267.5 5075
2.78481e+06 2218
1.37578e+06 3649
216519 795
91447.3 4362
21032.3 72
689098 2931
10372.4 5076
361719 1509
1.35979e+06 2219
683605 4363
2.1254e+06 796
623261 3650
0.995111 73
1.21986e+06 2932
714852 5077
131160 4364
127542 797
87090.8 1510
13273.6 2220
102749 3651
40920.6 5078
3265.33 2933
1.99698 798
661911 4365
1.11863e+06 74
18519.7 1511
86983.5 2221
18030 2934
864456 5079
6.50853e+06 3652
109682 4366
1.68687e+06 799
3.14423e+06 1512
78513 5080
720681 4367
2.2364e+06 2222
274254 2935
3.76165e+06 3653
57.106 75
484.702 5081
2.35757e+06 800
1.75422e+06 2936
90636.9 3654
553747 1513
218097 4368
152952 2223
2.41799e+06 5082
1.39227e+06 801
2.51763e+06 76
3553.97 2937
900651 3655
1.47551e+06 4369
428598 1514
1420.86 5083
750718 2224
1.54944e+06 802
849504 3656
2.91614e+06 2938
1.50281e+06 4370
479909 77
25525.5 5084
21366.8 803
1.82056e+06 2225
1.86589 1515
644080 4371
1.12144e+06 3657
3.01977e+06 2939
3155.7 804
15991.8 2226
1.73916e+06 5085
2.4143e+06 1516
50922.2 3658
3.10781e+06 4372
3123.37 78
1.70778e+06 2940
9039.61 1517
980932 5086
776785 2227
579871 805
568183 4373
9110.62 3659
138198 79
801378 2941
30401.6 5087
286667 2228
423640 1518
170004 806
905129 4374
nan 3660
62923.9 80
350776 2942
781437 1519
816710 5088
973930 2229
4.33624 81
607442 4375
1.95477e+06 807
905328 3661
381842 5089
36343.4 2943
121193 1520
1.4867e+06 2230
0.972422 5090
589579 4376
167593 3662
392930 808
25551.7 82
31479.8 1521
470872 2231
5.70326e+06 2944
66416 809
0.50002 3663
nan 4377
nan 5091
678834 2945
606052 1522
450363 83
1.57403e+06 2232
724833 4378
4.29972 810
100150 3664
14163.3 2233
125294 2946
5.85285e+06 5092
854956 3665
568110 811
1.95357e+06 84
145236 4379
7.45897e+06 1523
235098 3666
77830.2 2947
1.9764e+06 2234
47421.1 5093
374752 85
0.500101 1524
1.17763e+06 812
4.00198e+06 4380
17646.3 2948
nan 3667
43950.9 5094
0.600796 1525
16929.9 2949
1.60886e+06 86
293730 813
941172 4381
697347 2235
1.11622e+06 3668
8021.67 5095
0.522588 1526
0.510318 87
0.991633 2950
632.312 4382
60529.7 814
662549 2236
2745.79 88
1.1851e+06 2951
129101 3669
287844 5096
472078 4383
2.16804e+06 1527
1.27411e+06 815
859008 2237
727491 2952
9685.26 89
1.6124e+06 3670
2.3707e+06 1528
19369.9 4384
9044.38 816
30121.5 2953
108266 3671
4.69048e+06 5097
696992 90
0.497081 817
43579.5 2238
547121 4385
550390 1529
1.8411e+06 2954
116338 5098
374.707 91
3.83901e+06 3672
267275 2239
820542 818
467175 4386
148194 1530
1.28627e+06 5099
124941 92
44056.3 3673
1.08588e+06 2955
1.04451e+06 2240
631931 819
787568 4387
458680 3674
657516 93
1.15302e+06 1531
6.26974e+06 5100
504067 2956
103362 2241
1.15106e+06 4388
37866.8 820
1.01371e+06 5101
2.8349e+06 3675
1.05646e+06 2957
5.2923e+06 1532
1.35612e+06 2242
807383 3676
500952 4389
30255.9 5102
747299 821
2.56712e+08 94
14698.9 2243
955172 1533
96646.3 3677
4.24768e+07 2958
334656 4390
1.06549e+06 5103
nan 822
715881 1534
769837 2244
60793.6 95
1.15775e+06 2959
2.98158e+06 4391
6.14936e+07 3678
1.89389e+06 5104
110145 2960
1.38283e+06 1535
693101 823
1.78547e+06 2245
842071 96
86981.5 3679
575463 4392
2.61209e+07 5105
97513.3 2961
1.39934e+06 2246
6.48506e+07 1536
1.06655e+06 824
167721 3680
1.27992e+06 4393
230097 5106
856083 2962
450053 2247
1.18598e+06 97
937740 1537
848116 4394
1.5603e+06 825
496392 3681
773333 2963
9.57112e+06 2248
385677 5107
698125 4395
5.90982 98
3.19884e+06 1538
440.057 826
41301.3 3682
717135 2964
187244 5108
5382.04 2249
1.40741e+06 4396
194393 3683
837050 99
93169.2 827
288750 1539
836621 2965
nan 5109
150480 828
1.06834e+06 3684
141669 100
22227.9 2250
268.292 4397
1.21722e+06 2966
2.19436e+06 1540
2.43165e+07 5110
94811.9 2251
151088 829
690438 4398
317986 3685
937286 2967
4199.09 2252
1.16968e+06 1541
834210 4399
779853 3686
3.82613e+06 5111
460602 830
6.32729e+06 101
1.49023e+06 2968
734169 5112
1.08415e+06 4400
5.53454e+06 1542
773475 2253
89105.4 2969
43489.7 3687
450554 831
269535 102
574877 1543
448135 4401
1.58323e+06 5113
669838 2254
142116 2970
535638 1544
1.22327e+06 832
47.8943 5114
40872.1 103
2.84527e+06 3688
27726.3 4402
107890 2255
5.17656e+06 2971
5.42852e+06 1545
11.8411 5115
8.0699e+06 833
1.36895e+06 104
1.15025e+07 4403
7.74674e+06 3689
26300.6 2256
472965 2972
141499 1546
2516.21 5116
81.6243 3690
3.57416e+06 105
1.09628e+07 834
2.76989e+06 2973
61470.2 5117
641488 4404
2911.77 3691
31936.9 1547
2.0808e+06 2257
51485.9 106
291178 2974
11775.8 835
2.13678e+06 3692
459042 5118
2.09542e+06 4405
1.35821e+06 1548
734583 2258
48436.8 2975
9995.5 3693
621400 107
30551.8 5119
7492.3 836
15036.7 2259
211093 4406
45079.8 5120
749807 3694
1.71588e+06 2976
2.88987e+07 1549
1.87549e+06 837
125348 2260
150484 108
507831 4407
593526 1550
470201 5121
1.32728e+06 2977
729426 3695
3002.98 2261
668904 109
235397 4408
107501 5122
1.03912e+06 1551
1.40114e+06 838
1.24804e+06 3696
1.63749e+06 2978
19504.2 110
264300 4409
0.634967 1552
nan 839
908317 5123
3.51487e+06 2262
335707 3697
89148.4 2979
nan 1553
3.00482e+06 111
8.99366e+06 4410
nan 840
13690.1 2263
274911 5124
493247 3698
134.116 4411
409256 841
4.18653e+06 1554
592372 2980
222069 112
746602 2264
1.50373e+06 3699
828192 5125
2.39969e+06 4412
18190.5 2981
4.16455e+06 1555
1716.94 113
93065.9 842
661508 2265
2.77514e+06 5126
1.3297e+06 4413
143141 1556
876429 2982
602135 3700
382525 843
165706 114
2.1073e+06 2266
213915 4414
378040 115
1.27732e+06 2983
206683 1557
259949 5127
19682.8 3701
nan 844
523220 4415
4.93217e+06 2267
501309 3702
824341 2984
285385 1558
187359 845
3.54287e+06 5128
256299 116
582293 4416
3.33101e+06 2268
660955 2985
1.233e+06 3703
448424 1559
211407 846
2.06325e+06 117
245736 5129
439029 2269
301475 2986
76295.5 3704
1.90431e+06 4417
204220 1560
4.88605 5130
135403 847
846838 118
548817 3705
387647 2987
501292 5131
336695 4418
2.29134e+06 1561
9.61901e+06 2270
37851.8 3706
1.38932e+06 848
1377.39 119
3784 2988
1.1482e+06 1562
64744 5132
953908 2271
5.19442e+06 4419
1.06222e+06 3707
1.33366e+06 120
123256 849
872465 2989
6724.44 5133
589521 2272
0.916787 4420
656367 1563
753862 3708
0.5 2990
931873 850
1.56735e+06 4421
851526 3709
3.69959e+06 121
1.86104e+07 5134
1026.91 1564
105270 2991
2.03654e+06 2273
82849.2 1565
2.1434e+06 3710
1.40418e+06 4422
510793 2992
841047 851
152658 5135
1.01019 2274
49.6221 3711
382256 2993
98911.9 1566
5516.8 852
214862 122
286621 5136
131600 4423
2199.54 2275
2.24468 2994
141224 1567
2632.74 3712
1.99358e+06 853
654339 4424
4.76837e+06 5137
1.62428e+06 2276
433566 2995
30845.4 123
2.18926e+06 5138
1.03822e+06 3713
1.47025e+06 1568
53259.5 4425
31066.5 854
158700 2277
271984 2996
529105 1569
1.62631e+06 5139
546875 3714
279603 124
245882 4426
1.39754e+06 855
51966.8 2997
755959 1570
1.86241e+06 2278
1.4406e+06 3715
360247 5140
27024.7 4427
114562 856
515838 125
166232 2998
2.22482e+06 1571
756818 3716
49223.9 5141
34723.9 2279
1.1019e+06 4428
0.499863 2999
40817.2 857
48433.9 1572
535470 5142
22781.4 126
1.39604e+06 3717
3.85473e+06 2280
1.12077e+08 4429
1.10858e+06 3000
1.26893e+06 2281
2.82008e+06 1573
22854.7 858
28813.6 3718
1.17711e+06 5143
11118.3 127
nan 4430
723933 3001
25912.4 859
722192 2282
19482.9 3719
598729 5144
25054.6 1574
1.11113e+06 2283
646.685 3720
3614.86 3002
33225.1 860
139437 5145
642417 4431
471043 1575
107826 128
492268 3721
30319.4 5146
1.49638e+06 3003
215572 4432
102957 2284
1.19173e+06 1576
88949.1 861
1.06053e+06 3722
4.50404e+06 129
1.12672e+06 5147
1.11451e+06 3004
1.30476e+06 4433
52814 1577
356737 2285
6.86868e+07 862
2.80644e+06 3723
54691.6 5148
88071 130
397467 3005
189847 4434
252747 1578
27690 3724
191543 2286
2.67901e+06 863
42826.7 3006
3648.85 4435
1.80046e+06 5149
nan 131
54766.6 1579
581500 2287
1.35249e+06 3725
154729 4436
1.52601e+06 3007
9400.08 864
2.62186e+06 5150
1.79775e+06 1580
1.63396e+06 2288
515244 132
586116 4437
2.98972e+06 3726
367419 3008
447686 865
917969 2289
659408 1581
1.11198e+06 5151
1.45589e+06 133
77492.3 4438
68958 866
2.68636e+06 3727
78670.6 134
758281 3009
718763 5152
1.9691e+06 2290
1.47494e+06 1582
784122 4439
145710 867
238565 3728
245995 3010
5.54929e+06 5153
21799.1 135
312873 4440
395028 1583
707821 2291
2.91706e+06 3011
0.936696 5154
8.13123e+06 3729
60022 868
73.4479 136
175367 5155
1.19976e+06 2292
954815 4441
87921.2 3012
4.47294e+07 1584
0.500002 2293
2.5966e+06 3730
764041 869
11196.6 5156
6662.58 3013
106870 4442
1.35031e+07 137
606353 1585
2.54664e+07 2294
2.6344e+06 3731
637271 5157
504895 3014
33537.4 870
3.38099e+06 4443
9.63393e+07 138
1.48709e+07 1586
547584 2295
1.40824e+06 5158
2.18652e+06 4444
1.19084e+06 3015
11466.2 871
391637 139
1.14868e+06 3732
280566 1587
4.05875e+07 2296
34490.2 872
1.49941e+06 3016
3.14669e+06 5159
0.966745 140
nan 1588
19265.4 3733
1.62211e+06 4445
1.05579e+06 2297
823200 141
7651.13 5160
2 873
12711.2 3017
17660.7 1589
2.19214e+06 3734
17648 2298
49375.4 142
32172.7 5161
2.34499e+06 4446
201789 1590
80718.9 3018
45227.4 874
712719 5162
1.9092e+07 3735
571807 143
174.052 2299
155098 875
182069 4447
96640.7 3019
967785 3736
659989 5163
76790.7 4448
1.58964e+06 1591
1.36929e+06 3020
20604.4 2300
547495 144
906183 3737
58043.2 4449
3.10861e+06 1592
693738 876
58523.7 5164
2.08449e+06 3021
0.499998 3738
79601.3 2301
870.623 145
338759 3022
28798.7 877
279178 4450
77.6945 5165
976068 3739
581652 1593
910595 2302
nan 3023
41.5575 4451
560124 878
3.32525e+06 146
1.71554e+06 5166
321691 3740
1.05354e+06 1594
897381 3024
118793 4452
929473 2303
563592 879
1.11275e+06 5167
570830 147
2.39398e+06 1595
1.63146e+06 3741
764.681 880
107028 4453
829376 3025
6688.58 5168
956679 2304
818558 3742
94734.1 148
1.02001e+06 1596
221554 881
69163.2 4454
6.47314e+06 3743
715019 3026
897255 2305
15178.1 149
2.95879e+06 5169
667160 1597
0.900717 4455
3.78274e+06 882
1.84323e+06 3744
18.9458 150
1.62795e+07 3027
1.45687e+06 2306
nan 883
50148.8 4456
299639 1598
nan 3745
2.68065e+06 5170
144260 3028
38136.6 2307
170040 884
96792.6 151
201172 4457
0.679377 1599
808437 3029
136874 5171
6.21402e+06 3746
617776 2308
34824.5 885
2.66673e+06 4458
643680 1600
86278.1 152
1.20995e+06 3030
5.62443e+06 5172
755134 3747
542100 2309
134233 153
75449.2 4459
2.72149 5173
874750 3031
2.58004e+06 886
0.515698 2310
1.11404e+06 1601
6.73041e+07 3748
135586 4460
nan 5174
2.67758e+06 154
1.69631e+06 3032
10663.8 1602
5.39173 2311
543189 3749
12386.9 887
111750 4461
16115.6 5175
652193 3033
0.50026 1603
574550 2312
177007 888
862915 5176
nan 4462
1.25204e+06 3750
8072.69 155
1.32008e+06 1604
1.47435e+07 3034
129597 2313
224538 3751
1.65798e+06 5177
0.501495 4463
80224.8 1605
1.39738e+06 889
0.745575 156
0.5 3035
1364.56 4464
502735 2314
6.19259e+06 3752
447890 5178
130.26 1606
396942 890
39825.8 157
1.85525e+06 4465
6238.4 5179
2.72939e+06 3036
205993 891
80131.2 2315
1.07191e+06 3753
516723 1607
2.20376e+06 158
nan 3754
78856.9 4466
3.41103e+06 5180
202050 2316
268642 1608
940461 3037
39272.2 892
0.999806 3755
88621.9 159
8.553e+06 5181
727033 3038
2.45847e+06 4467
676751 1609
4.33476e+06 2317
101280 893
4344.83 3756
516473 5182
1.6214e+06 3039
1.80952 4468
671951 1610
2.30252e+06 160
143848 2318
2.09399e+06 3757
105660 4469
2.90128e+06 894
824838 161
683161 3040
9.88671e+06 1611
160371 5183
66834.6 2319
287310 3758
nan 162
nan 895
1.91643e+06 4470
118297 5184
533989 1612
1.71716e+06 3041
344143 3759
2.07414e+06 2320
2180.6 896
23947.3 1613
1.30334e+07 4471
22382.3 5185
674008 163
951554 3042
86077.2 2321
4838.53 3760
134927 897
1.67991e+06 1614
8011.12 4472
385580 3043
1.70909e+06 164
249279 5186
2.20531e+06 2322
1.07343e+07 3761
126804 4473
21448.6 165
541631 1615
161013 3044
189209 898
838935 2323
0.500108 4474
110330 5187
67549.8 3045
3.39986e+06 166
876229 5188
827715 3762
700852 899
39604.9 2324
3.40097e+06 1616
15187.2 3046
3.47151e+06 4475
0.977978 900
36512.7 3763
365.264 167
4.35053e+06 5189
0.505522 2325
1.12706e+06 1617
0.939466 4476
154850 901
118586 3764
451687 168
9.29171e+06 3047
144372 5190
743964 1618
1.81827e+06 2326
627033 4477
2.12282e+06 3048
1.5664e+06 902
454484 1619
1.6175e+06 5191
1.10497e+06 2327
109646 169
128630 3765
1436.22 4478
1.09731e+06 3049
859862 903
1.40262e+06 1620
23923.9 2328
10816.1 5192
90155.2 4479
1.70291e+06 3766
5.9446e+06 170
522864 3050
3891.65 171
26138.5 904
3.67555e+06 1621
5.40042e+06 2329
1.56223e+06 3767
74340.4 4480
844135 5193
4.98316e+06 3051
258685 1622
222689 172
115836 4481
2.04611e+06 3768
964916 905
1.13772e+07 2330
160605 5194
306153 4482
3.86631e+06 1623
1.07137e+06 906
98705.5 3052
2.73346e+06 3769
2.13591 173
467437 5195
419166 2331
73909.7 4483
1.17619e+06 3053
13082.2 907
1.80011e+06 1624
183496 2332
395501 5196
617470 3770
5656.47 908
426427 4484
132210 3054
2.71254e+06 174
2.22779e+06 5197
3.65571e+06 1625
401080 3771
1.54527e+06 4485
1.77945e+06 2333
80647.3 909
367172 3055
832504 1626
3.98549e+06 4486
806359 175
549950 5198
71511.4 3772
16695.7 2334
3.44971e+06 1627
136583 3056
39338.2 4487
1.19963e+06 910
1.44001e+06 5199
1.36798e+06 2335
810550 3773
5.07957e+06 176
0.965984 1628
888036 3057
971188 911
267355 3774
447431 4488
2.78106e+06 177
86001.3 5200
126536 1629
2.5219e+06 2336
586800 3058
132.712 4489
1.00433 3775
2.07881e+06 912
nan 5201
393107 2337
753882 178
87564 1630
353025 4490
853301 3059
nan 4491
423396 913
71640.5 5202
88291.3 3776
3.76597e+06 2338
7034.41 3060
2.92143e+06 179
859754 1631
0.504501 914
2.02971e+06 4492
147521 3777
28744.2 5203
0.500711 915
924143 2339
40711.3 1632
249878 3778
3.77542e+06 3061
nan 180
1.177e+06 4493
29934.3 5204
2.93926e+06 916
68232.5 2340
35097.1 3779
305185 1633
144385 4494
1.71619e+06 5205
2.67266e+06 3062
64857.2 917
1.13326e+07 181
426650 2341
2.75361e+06 1634
6285.78 4495
172160 3780
1.28327e+06 3063
709076 5206
1.11831e+06 2342
2.0541e+06 182
1.21597e+06 918
986218 3064
388.341 3781
2.67709e+06 4496
989.959 5207
410425 183
5.0746e+06 1635
30243.6 2343
1.12794e+06 919
241871 3065
193210 4497
3118.32 5208
1.26356e+06 3782
222682 1636
115274 2344
8.1847 920
1.0001 184
979081 3783
314391 3066
2.63844e+06 5209
13317.2 4498
4.04123e+06 1637
1.28954e+06 2345
767402 3784
86794.8 921
290170 185
1.21973e+06 4499
1.62799e+06 5210
4799.01 2346
1.88332e+07 1638
791874 3785
46.7397 186
956403 922
2.21504e+06 3067
1.47536e+06 4500
576076 5211
346386 2347
3.57186e+06 3786
0.720068 1639
15886.8 187
1.32607e+06 3068
1.3851e+06 923
1.43421e+06 4501
583387 5212
899973 2348
569997 188
107349 1640
22141.1 3069
2.21922e+06 3787
3.03853e+06 4502
1.33939e+06 924
3.10886e+06 5213
1.39228e+06 2349
712258 3070
0.500021 4503
495518 1641
59029.1 189
629144 5214
93190 925
1.00851e+06 3788
1.37261e+06 4504
1.38753e+06 2350
2.55556e+06 3071
158108 1642
722602 5215
1.58682e+06 926
128406 190
1093.66 4505
308.461 2351
3.19483e+06 3789
2.44273e+06 1643
6410.1 5216
1.34497e+06 3072
475503 4506
166987 927
1.88101e+06 3790
729228 2352
6.20035e+06 191
1.3216e+06 3073
60981.2 1644
667228 5217
88326.9 4507
23172.6 2353
22151.3 928
2.38613e+06 3791
563144 192
313171 3074
5788.49 929
0.863305 4508
19909.3 5218
388613 1645
1.50271e+06 3792
892459 2354
1.41589 4509
19289.2 930
7.30169e+06 3075
1.17511e+06 5219
36680.3 1646
370088 3793
109310 193
77540.4 4510
104293 2355
132.087 931
1.00759e+06 3076
27.3711 194
1.6273e+06 3794
679442 5220
645289 4511
191153 1647
300923 932
46798.4 195
1.47226e+06 2356
89540.7 5221
1.05914 3795
126346 4512
1.37211e+06 3077
860329 1648
1.02359e+06 2357
1.48068 933
809335 196
63025.5 4513
1.0638e+06 1649
345990 5222
12726 3078
761372 3796
792184 934
132304 2358
1.3293e+06 1650
115803 3797
61550.9 5223
1.25221e+06 4514
332539 197
4429.77 2359
5.53877e+06 3079
707108 935
436647 1651
723551 5224
1.29436e+06 4515
414930 3798
872683 2360
1.11992e+06 1652
2.0772e+06 5225
621931 936
1.8874e+06 3080
337446 4516
4.45222e+06 198
314064 3799
nan 2361
179289 3081
14146.1 1653
1.84065e+06 937
2.26778 5226
7654.78 3800
nan 199
101007 4517
7050.07 2362
649327 3082
27447.2 938
266577 5227
466922 4518
2.63869e+06 1654
1.99293e+06 3801
700346 2363
32616.4 200
76069.9 3083
524575 4519
33998.4 1655
6922.61 5228
21879.9 201
21308.6 939
6412.46 2364
12194.1 3802
111612 3084
18790.9 1656
7705.07 2365
3321.75 202
615195 5229
2.58363e+06 4520
401418 3803
1.04548e+07 940
900808 3085
75053.4 2366
900093 203
816830 5230
83340 4521
3.3521e+06 1657
116801 3804
0.838553 3086
404277 941
155186 204
11808.7 2367
76151.6 5231
7.70068e+06 3805
70317.3 3087
1.4841e+06 1658
137796 4522
448256 942
2.11491e+06 2368
1.69176e+06 205
nan 5232
1.22369e+06 3806
475765 4523
927959 3088
23162.2 1659
62294 5233
971617 2369
103675 206
151891 4524
1.13688e+06 3089
489645 943
nan 3807
1.92e+06 5234
2.72077e+06 1660
633330 207
1.40107e+06 2370
198796 4525
1.44248e+06 3808
506321 3090
447622 944
913923 5235
19875.1 208
9.95484e+06 1661
29092.9 2371
1.11947e+06 4526
1.0648e+06 3091
21761.4 945
1.44e+06 3809
69991.5 5236
10.1371 209
1.66921e+06 4527
1.97269e+06 2372
1.17311e+08 3092
1.99813e+07 1662
2.04543e+06 946
0.500001 210
40885.8 3810
113009 5237
0.499997 2373
645165 4528
546603 3093
432243 947
0.999785 3811
79611.3 1663
725355 2374
1.69139e+06 211
901420 5238
31971.3 3094
595284 3812
1.21915e+06 1664
42152.4 2375
734241 948
180716 4529
2320.06 5239
2.79943e+06 3095
6144.03 212
0.970347 3813
462002 4530
1.93657e+06 1665
1.92966e+06 2376
349.378 949
0.929081 3096
1.00377e+07 5240
54473.9 4531
932006 950
1.56723e+06 1666
27330.6 3814
2.99738e+06 2377
4531.79 213
1.1559e+06 3097
nan 5241
2.9596e+06 4532
107913 951
750345 1667
0.519378 214
840871 2378
42967.6 3815
1.04015e+07 3098
1022.21 952
202978 4533
2.69825e+06 5242
847289 1668
277076 3816
2.51353e+06 215
962115 2379
843750 3099
21939.8 953
53015 5243
11820.7 4534
1.19756e+06 3817
943144 1669
1.59861e+06 216
8368.18 2380
27444.5 5244
93415.8 954
489033 4535
890085 3818
689339 1670
1.48294e+08 3100
80597.9 5245
3.9369e+06 217
1.19063e+06 2381
527751 3819
153707 4536
2.42873e+06 955
2.12133e+06 1671
1.50321e+06 3101
787419 3820
nan 5246
269967 4537
50696.9 218
607210 2382
2.99331e+06 1672
122258 956
1.9371e+06 3102
0.855101 4538
92777.3 219
95300.4 5247
412647 1673
37083.9 2383
1.6874e+06 3821
81491.9 957
19364.1 5248
2.34797e+06 3103
nan 4539
903770 3822
nan 220
142932 2384
1.00962e+06 958
766736 1674
30565.5 5249
355081 4540
32032.4 221
9524.19 2385
280370 3104
1.55082e+06 3823
1.60691e+06 959
153187 1675
1.53623e+06 4541
3.23692e+06 5250
693837 3824
16.441 960
0.661619 1676
21432 3105
462022 4542
1.07865e+06 222
913429 2386
1.96537e+06 5251
8156.79 961
2.07145e+06 3825
0.997483 3106
718134 1677
1.05127e+06 2387
1.1667e+06 4543
1.15117e+06 223
nan 5252
62.0883 3107
2.2654e+06 3826
43425.4 962
1249.98 1678
825894 2388
1.27546e+06 5253
nan 4544
239155 224
889768 3108
3.83263e+06 963
799522 3827
74405 1679
78767 5254
132094 2389
1536.9 4545
131670 3109
388458 1680
71924.8 3828
608474 5255
135271 964
901043 4546
0.694131 3110
226234 2390
529570 225
671839 1681
1.23101e+06 5256
129348 4547
386914 3829
4.80376e+06 3111
0.710308 1682
29805.7 2391
489465 965
41706.1 226
14077.2 4548
2.67697e+06 5257
1.59486e+06 3830
145403 3112
9.22535e+06 1683
458401 2392
47879.7 966
2.64579e+06 227
4922.94 5258
679039 3113
1.70013e+06 3831
843675 4549
nan 2393
158788 1684
4.97806e+07 967
1.00186 5259
138211 3832
43711 4550
3.27373e+06 3114
97061.9 1685
460669 228
433762 968
1.19741e+08 2394
501648 3833
122880 5260
856916 3115
8996.7 4551
2.76763e+06 1686
858521 3116
2.81453e+06 229
81545.5 2395
1.23052e+06 969
42646.8 3834
503733 4552
132.522 5261
2.11589e+06 1687
1.80828 230
2.39898e+06 3117
993032 970
263422 4553
2.86052e+06 3835
1.86798e+06 2396
227108 5262
38748 231
1.35375e+06 4554
915804 3118
50497.6 1688
199882 2397
688161 971
123521 3836
4.00084e+07 5263
1.07494 4555
859671 1689
1.73582e+07 3119
46216 232
2.74572e+06 2398
487745 3837
3300.62 972
837831 1690
910477 5264
4.52784e+06 4556
1.23987e+06 2399
5.63795e+06 3120
473416 973
nan 233
1.8468e+07 3838
4.31802e+06 1691
560559 5265
1.29173e+06 4557
190958 3121
487290 3839
2.92692e+06 2400
12767.8 1692
nan 974
533147 5266
146706 3122
2.24768e+06 234
3726.92 3840
112083 4558
1.02375e+06 2401
1.15734e+06 975
48700 1693
883770 5267
3.43238e+06 3123
115.382 235
17773.8 976
664199 3841
1.68582e+06 4559
390686 2402
2.07843e+06 1694
2.00375e+06 5268
1.99002 977
445882 3124
674728 236
853318 3842
755792 4560
155815 2403
nan 1695
1.25244e+06 5269
999.139 3125
243764 978
99860.8 4561
413986 3843
634817 237
13.0356 2404
25915.6 1696
67213.2 3126
1.84891e+06 4562
588349 5270
44884 979
669283 2405
3.39479e+06 1697
7.19427e+06 238
554989 3844
61119.4 2406
1.78043e+06 4563
1.60369e+06 1698
751412 980
2.99912e+06 5271
nan 3127
30610.6 3845
1.01797e+06 239
418126 2407
84484.9 3128
2.39385e+06 4564
897932 1699
609244 5272
1.26785e+06 981
881529 3846
248003 240
361885 982
29132.4 3129
0.654053 5273
89637.8 4565
1.19792e+06 1700
1.37004e+06 2408
189037 241
1.66423e+06 3847
1.65775e+06 5274
932552 983
976808 2409
115618 3130
1.7143e+06 4566
1.19123e+06 1701
61123.8 3848
1.99997 984
507160 242
47791.5 5275
100704 3131
581438 2410
0.5 3849
206343 4567
46273.4 243
2032.69 1702
nan 5276
13768.9 985
1.54431e+06 3132
0.508331 244
105464 3850
31104.8 5277
484935 4568
90534.5 1703
99599.8 2411
1.2098e+06 3133
49867.8 986
1.3949e+06 1704
3.3924e+06 5278
6097.77 4569
114947 2412
877369 3851
231372 245
986527 3134
1.16339 987
0.500585 2413
158598 1705
2.01068e+06 4570
114849 3852
185124 5279
2.12045e+06 3135
634987 2414
1.59992e+06 988
239442 4571
660554 246
nan 3853
1.23871e+06 1706
1.26767e+06 5280
1.88194e+06 3136
38861.6 2415
902867 989
50982.8 4572
2.85829e+06 3854
338241 247
4.31939e+06 5281
1.39071e+06 2416
28738.6 3137
664368 1707
9.59178e+07 990
638182 4573
71132.8 3855
88658.8 3138
2.06369e+07 2417
48418.8 5282
175320 1708
9.31777e+07 3139
118729 991
3.81421e+06 4574
14690.1 2418
1.0148e+06 3856
202739 5283
132876 4575
49297 1709
12535.1 3140
67858.1 2419
4.16766e+06 992
45384.5 248
807967 3857
133.902 5284
2.29769e+06 4576
610712 1710
38674.8 3141
869534 2420
239140 5285
2.51404e+06 3858
6315.57 249
2.91672e+06 993
1.52065e+06 4577
1.6379e+06 1711
27877.2 2421
539823 3142
790767 5286
119382 994
1035 250
3.19461e+06 3859
4.43265e+06 4578
476097 2422
331037 1712
946154 3860
650521 3143
405170 5287
162867 995
941562 4579
761930 2423
1.90457e+06 251
2.76035e+06 1713
914031 5288
986854 3144
534205 3861
878279 4580
54197.5 996
1.48969 2424
1.87352e+06 5289
nan 3145
553880 1714
98367.1 4581
2.14022e+06 3862
6.8594e+06 252
nan 2425
3.65228e+06 997
89668 3146
140318 5290
0.965036 2426
173633 3863
30957.2 4582
377648 1715
50141.3 253
502824 998
122425 5291
620684 3147
2.79614 4583
191732 3864
3.39276e+06 2427
nan 5292
1.00723e+06 4584
nan 999
4.1767e+06 1716
355.803 3148
1.40609e+06 2428
3.70012 254
710589 3865
156067 4585
352764 5293
2051.28 255
27.0959 1000
5.06152e+06 1717
2.01562e+06 2429
918915 3149
1.08316e+07 3866
890674 5294
73539.9 4586
512841 256
384518 1001
2630.46 1718
4.63112e+06 3867
1.89376e+07 3150
1.08997e+07 2430
18466.8 1002
130762 5295
59257.1 4587
834975 1719
7753 3151
7604.07 257
1.06443e+06 3868
6.36526e+06 1003
2.24594e+06 2431
553214 4588
3.78545e+06 5296
72414.1 3152
1.46429e+07 3869
13.9918 1720
419459 1004
82720 4589
248150 258
490207 2432
1.54026e+06 3153
783477 3870
1.2081e+06 5297
108499 1005
144326 259
486340 1721
759655 4590
1.62531e+06 3154
6271.32 1006
8.72983e+06 2433
853010 260
53393.8 3871
1.32996e+06 4591
584709 5298
521231 2434
562841 1722
0.998069 3155
74445.8 261
928486 1007
0.982706 3872
109708 2435
2.20304e+06 5299
274504 3156
4754.6 1723
292217 1008
1.31551e+08 4592
976029 3873
15079.1 3157
1.99999 5300
2.98872e+06 2436
1.42298e+06 4593
6514.68 262
784091 3874
3.50586e+06 1724
585091 3158
3.24426e+06 1009
43023.7 4594
288856 2437
2.22791e+06 5301
7378.66 1010
13725.1 3875
373011 1725
1.88211e+06 3159
nan 263
621602 2438
17880.2 5302
140127 4595
6831.24 1011
1.8376e+06 3876
685844 5303
1.64058e+06 4596
1.22376e+06 264
909378 3160
1.25039e+06 1726
1.75626e+06 2439
1.10516e+06 1012
134518 4597
82518.7 3877
1.05907e+06 5304
54619.8 3161
99020.9 1727
1.36268e+07 2440
109832 4598
516883 5305
nan 3878
506388 265
354629 3162
9.73835e+07 1013
38633.9 1728
5.49474e+06 4599
835518 5306
43383.7 3879
579991 2441
12824.1 266
180461 3163
2.24636e+06 1014
26581.1 4600
656741 1729
210435 2442
953241 3880
35.0654 3164
78543.2 5307
164575 267
616855 1015
6.37448e+06 4601
635024 3165
212642 2443
1.98655e+07 1730
1.82777e+06 3881
447564 5308
33.693 4602
123353 268
3.51674e+06 1016
23942.3 1731
563063 3166
41982.9 2444
813258 3882
0.735219 5309
0.499522 3167
134138 4603
719460 269
926900 3883
462829 1732
22201.8 1017
99123.4 2445
377446 4604
5.90285e+06 5310
2.91465e+06 3168
1.68595e+06 1733
615708 3884
646358 270
956300 2446
4801.67 1018
1.02222e+06 5311
853316 4605
2.61784e+06 3885
nan 3169
865069 1734
983334 1019
16684.2 2447
3.50129e+06 3886
363977 5312
12388.1 271
296156 1735
670001 4606
986688 3170
1.06567e+06 2448
0.616507 1736
801719 3887
nan 5313
0.506511 4607
3.18059e+06 1020
1.08859e+07 272
1.68486e+06 3888
nan 3171
182127 4608
761834 1021
nan 2449
15237.8 1737
959370 5314
1.8014 3889
2.06643e+06 273
1.28722e+06 2450
148652 4609
1.32177e+06 3172
153638 1738
1.84e+06 1022
227540 5315
28909.2 3890
146575 274
nan 4610
0.579843 2451
120159 1023
164015 1739
76876.6 3173
838873 5316
0.618837 4611
827492 3891
6655.84 275
953933 3174
1.38071e+06 1740
3.61393e+06 2452
862896 1024
274196 5317
811837 4612
1.85554e+06 3892
423183 3175
2.13237e+06 2453
6.57903e+06 1741
1.15977e+06 1025
61679 5318
1.68932e+06 276
1.09426e+06 4613
736799 3893
144120 3176
165479 2454
592634 5319
1.21023e+06 1742
2.1315e+06 1026
27045 3894
81669 4614
926495 3177
284398 277
462764 5320
1.66384e+06 2455
1.08615e+06 3895
1.30639e+06 1027
52335.4 1743
896606 4615
2.22721e+06 2456
1.41562e+06 278
3.7569e+06 3178
3.15094e+06 5321
605098 3896
219339 1744
59209.2 1028
2.069e+06 2457
1.36476e+06 3179
245262 4616
2113.8 3897
1.28036e+06 5322
3.97266e+06 279
1.13181e+06 1745
1.40687e+06 1029
1.01493e+06 2458
1.00215e+06 3180
443474 5323
163946 4617
2.41021e+06 3898
2.16195e+06 1030
335756 2459
183318 280
nan 5324
2.36962e+06 1746
2.67928e+06 4618
181092 3181
2.27483e+06 3899
1.48628e+06 1031
72616.4 2460
2.32548e+06 281
223300 5325
757951 1747
12396.6 3182
99656.1 3900
43176.6 1032
3.56955e+06 4619
802309 5326
1.89322e+06 1748
5.37694e+07 2461
1.78645e+06 3901
21523.3 1033
1.0833e+06 3183
405050 282
1.84163e+06 4620
131164 5327
55262.1 1749
235290 3902
14778.6 2462
173173 3184
19326.4 1034
2.01632e+06 4621
22204.2 1750
228515 283
6.67254e+06 5328
1.74759e+06 3903
983208 3185
310360 2463
952334 4622
2.6758e+06 1035
50.593 5329
9358.52 284
119301 1751
300417 3904
1.20336 2464
438767 3186
88329.3 285
170784 4623
49016.7 5330
nan 3905
418594 2465
141400 1752
14239.9 3187
520881 1036
1.31217e+06 2466
656947 1037
6836.47 1753
1.02247e+06 3906
1.22372e+07 5331
1.71209e+06 3188
4.08905e+06 286
2.58634e+07 4624
1.85601e+06 3189
1.25147e+06 5332
1.47338e+06 2467
71056.7 1038
1.03437e+06 1754
4.11004e+07 287
169494 3907
678369 4625
702063 3190
1.84286e+06 1755
1.01592 1039
8.90206e+07 2468
716019 3908
8.50375e+06 5333
4.59921e+06 288
1.76975e+06 4626
2.24261e+06 3191
48.496 1756
2.0388e+06 2469
818095 1040
1.70192e+06 3909
1.09529e+06 5334
1.30997e+06 4627
983320 3192
1585.05 2470
1.46562e+06 1757
218020 289
32718.7 3910
1.94956e+06 1041
565470 5335
83895 4628
2.45978e+06 3193
33398.7 1758
26668.2 2471
105636 1042
41720.9 290
1.97733e+06 3911
1.08053 1043
14093.2 5336
720051 4629
638118 1759
669907 3194
3806.1 291
425378 2472
2.64596e+07 3912
31891 5337
36349.6 1044
nan 4630
22591.5 3195
55615 1760
419.475 5338
132848 292
1.08099e+06 3913
1.38685e+06 1045
536221 2473
81959.1 4631
71373 5339
1.89852e+06 1761
1.38491e+06 293
2.12168e+06 3914
13631.6 3196
153.611 2474
52394.6 1046
135920 1762
142444 4632
721206 5340
136324 3197
71457.9 3915
1.24356e+06 4633
247918 2475
1.00503e+06 1047
277064 294
366344 1763
3.36904e+06 5341
46404 3198
1.64656e+06 3916
68425.3 4634
nan 1048
1.11713e+06 2476
670276 295
4.25526e+06 1764
3251 5342
957622 3199
187619 4635
63803.3 3917
372409 2477
363721 1049
9216.35 1765
nan 296
1.11399e+06 3200
1.0244e+06 5343
176524 4636
2.67059e+06 2478
1.97737e+06 3918
618427 1050
20457 1766
1178.94 3201
231.7 5344
44768.5 4637
10144.7 2479
176169 3919
1.26034e+06 1767
1.01167e+06 5345
3.37215e+06 297
524752 3202
1.21224e+06 4638
296220 1051
1.15649e+06 2480
10413 5346
16536.6 3920
961618 1768
15496.5 298
0.497375 4639
48550.7 3203
196952 2481
2.15457e+06 1052
530723 5347
5889.6 3921
323505 1769
22751.5 4640
1.29874e+06 3204
1446.77 299
21668 2482
1.16341e+06 5348
309492 3922
21731.5 1053
43693 4641
890123 3205
91586.6 300
20770 1770
513852 5349
nan 2483
1.05332e+06 1054
49.0213 3923
94951.5 4642
273399 3206
1.11291e+06 1771
2.10887e+06 301
96252.7 1055
42446.3 5350
3.24619e+06 2484
1.48127e+06 4643
2.01077e+07 3924
14.0504 5351
731490 3207
123845 1772
707734 1056
488795 302
1.72205e+06 2485
712348 4644
549464 3208
5.73591e+06 3925
489157 303
52307.7 1773
1405.58 5352
50974.5 1057
1.39576e+06 2486
2817.77 4645
76594.5 3209
1.23876e+06 304
49017.3 3926
53227.2 5353
nan 2487
0.5 305
nan 1774
7.80853e+06 1058
145661 3210
85985.5 4646
1.1855e+06 3927
1.35165e+06 1775
2.0693e+06 306
87422.4 1059
1.01862e+06 3211
462477 5354
3.74891e+06 2488
675474 3928
1.18123e+06 4647
1.06084e+06 1776
4600.44 307
814374 1060
2.25512e+06 3212
691820 2489
7896.16 5355
48034.8 4648
7.001e+06 1777
34302.6 3929
680819 3213
520384 308
5030.69 5356
21829.1 2490
1.28975e+06 1061
7.24548e+06 4649
6.90968e+06 1778
1.69274e+06 3930
261616 5357
2.34418e+06 3214
3.45356e+06 1062
3.26851e+06 2491
1.10522e+06 309
1.3418e+06 3931
30.515 1779
633585 4650
130591 5358
2.70063e+06 3215
6.49612e+06 1063
470710 3932
1.74002e+06 4651
12467.4 2492
1082.19 1780
33938.3 1064
8884.49 310
2.31104e+06 5359
1.0224e+07 3216
nan 3933
1.8974e+06 4652
460053 1065
652988 1781
1.17491e+06 5360
16876.3 311
272.132 3934
4.41459e+06 2493
177737 4653
1.75464e+06 5361
50266.2 3935
2206.01 1782
2.08209e+06 3217
181242 1066
898441 312
118306 2494
122464 5362
15.6189 4654
1768.83 3936
nan 3218
161006 1067
116783 1783
1.18782e+06 2495
2.06596e+06 5363
529158 3219
85392.9 4655
53742.3 3937
136578 313
709684 1068
616837 5364
188.267 2496
81105.7 3220
122665 4656
94155.4 1784
3.07405e+06 3938
1.84083e+06 1069
5035.99 5365
175966 314
1.20301e+06 2497
116411 3221
9980 1785
28091.2 4657
523555 3939
1.01095e+06 5366
1.77691e+06 1070
42023 315
1.62318e+07 3222
614616 1786
8776 4658
598851 3940
929877 2498
445816 1071
4.57477e+06 5367
nan 1787
nan 316
2.40496e+06 3223
72706.6 3941
464729 4659
5469.73 2499
8438.53 1072
9134.8 1788
900715 5368
435951 317
1.94202e+06 3224
385526 3942
990488 4660
nan 1789
209049 2500
939932 318
54478.2 5369
160631 3943
140186 4661
199895 1073
105527 1790
430497 3225
859221 2501
69069.1 1074
6788.19 3944
965501 319
165309 5370
2.90478e+06 4662
11419.2 1791
6.59219e+06 3226
587853 2502
356379 320
2.4775e+06 3945
21039.1 3227
80453.2 4663
112900 5371
794872 1075
152254 1792
603502 3946
3.17428e+06 321
132923 2503
1.45649e+06 3228
1.39574e+06 4664
307445 5372
998911 1076
nan 3947
1.69884e+06 1793
1.75263e+06 2504
295542 5373
1.96262e+06 322
15987.9 1794
5660.91 4665
43801.8 1077
111188 3229
4.03645e+06 3948
13523.8 5374
1.2382e+06 1078
2.07921e+07 2505
561320 323
591225 4666
6.54546e+06 1795
98.527 3949
nan 5375
964557 3230
201328 4667
2.68856e+06 1079
17333.6 3950
93372.2 2506
354834 324
166786 1796
512699 5376
2.12738e+06 3231
1.92481e+06 4668
22756.8 2507
0.965404 5377
3.14202e+06 1080
111949 3951
4.84295e+06 3232
360672 325
949316 1797
241407 1081
131841 5378
930072 4669
595879 2508
108957 326
3600.08 3233
162400 1798
200970 4670
88030.2 5379
13112.4 1082
1.30667e+06 3952
23426.7 327
572882 2509
948780 3234
196616 4671
2.12458e+06 5380
73856.1 1083
464856 1799
609438 3953
0.504144 3235
528326 2510
10991 4672
74245 328
203408 1084
888491 1800
2.62867e+06 3954
1.53278e+06 5381
4.57757e+06 3236
48837.8 4673
685868 2511
0.999387 3955
157524 1085
512624 1801
948144 5382
38776.2 3237
186908 329
1.34766e+06 4674
195146 2512
82707.5 3956
1.62514e+06 5383
588906 1802
22796.9 330
111267 1086
1.00546 3957
919669 2513
2.49032e+06 4675
356499 3238
1.21953e+06 1803
4.9208e+06 5384
4514.52 1087
636672 2514
7854.96 3958
24101 331
3.88306e+06 4676
356784 5385
1.35581e+06 3239
2.675e+06 1804
190001 1088
1.20034e+06 4677
975853 2515
687318 3959
1.29201e+06 5386
5.08885e+06 332
2.34894e+06 3240
1.31224e+06 2516
226362 1089
1.6675e+06 1805
992367 4678
nan 3960
188054 5387
127433 3241
1273.52 2517
2015.82 333
123666 1090
2.83187e+06 1806
17289.5 5388
11783.8 3961
1.18006e+07 4679
700567 3242
1.37739 2518
634578 1807
414906 1091
319767 3962
424439 5389
1.52117e+06 3243
288098 4680
723.371 2519
878733 334
3.35513e+06 1092
1.1046e+06 3963
0.500106 3244
3.24664e+06 1808
727262 5390
2.40196e+06 4681
245857 1093
7.68609e+06 2520
1.32363e+06 335
8275.98 3964
3.35975e+06 3245
118508 1094
nan 4682
1.86415e+06 2521
784986 5391
20021 336
943319 1809
964831 3965
1.04503e+06 3246
2.97895e+06 1095
2397.13 4683
338056 5392
1.52875e+06 2522
15758.8 337
201943 3966
452956 3247
430912 1096
271342 1810
2.24449e+06 4684
100896 5393
2.49405e+06 2523
272308 3248
536080 3967
162222 1097
673917 1811
4816.08 338
3.76559e+06 4685
824559 3968
3.31773e+06 2524
2.8766e+06 3249
4.80708e+06 5394
21175.6 1812
1.48779e+06 3250
1.42312e+06 2525
0.5 4686
33498.3 1098
29947.1 339
1264.46 3969
1.3191e+06 1813
812211 3251
281819 4687
89471 5395
0.7137 3970
1.47336e+06 2526
1.89304e+06 1099
4.0939e+06 340
3.53963e+06 3252
nan 4688
177518 1814
2.14288e+06 3971
19639.5 5396
11458 1100
142950 2527
nan 3253
297129 341
159520 4689
1574.79 5397
1.04797e+06 3972
536.519 1815
507679 1101
1.17183e+06 3254
114586 2528
1.94778e+06 4690
118242 5398
0.499937 3973
2.92896e+06 1816
nan 3255
440.492 1102
356037 5399
69700.9 342
1.01591e+06 2529
57901.4 3974
858654 4691
579402 1817
62288.7 1103
38972.1 3256
485921 2530
15018.7 343
5.01766e+06 5400
2543.07 3975
821596 1104
1.18638e+06 1818
2.14256e+06 4692
16005.9 3257
1.16216e+06 5401
18034.9 1819
176020 3976
9.92922e+06 2531
1.17624e+06 1105
4.65279e+06 4693
471111 344
300511 3258
202538 2532
1.10779e+06 1820
32190 3977
0.939919 1106
1.37007e+06 5402
108505 345
743319 3259
2.16786e+06 4694
963649 3978
1.30617e+06 5403
2.44475e+07 1821
1.07802e+06 2533
4213.3 1107
34314.6 3260
1.15475e+06 3979
1.47621e+06 4695
110170 5404
3.02349e+06 2534
19961.8 1108
167639 1822
88213.3 4696
1.15301e+06 3980
nan 346
1.65125e+06 3261
1.36751e+06 5405
0.5 1823
2.15939e+06 2535
1.68257e+06 347
72738.4 3981
6.68706e+07 1109
1.95307e+06 3262
43912.2 4697
41266.1 5406
0.499997 3982
19622 1824
2.93494e+06 2536
347794 348
633531 4698
5.64633e+06 3263
1.10044 3983
2.94222e+06 5407
68839.9 2537
1.64244e+06 4699
361452 1825
23628 1110
2.40245e+06 349
2.19465e+06 3984
1.71495e+06 5408
28218.5 3264
240482 2538
170621 1111
73383.2 3985
1.00661e+06 5409
5380.84 1826
461481 4700
95797.8 350
822923 3265
302999 3986
930708 2539
74.6331 4701
115023 1827
45385.2 1112
1.27262e+06 5410
124790 3987
124182 2540
629042 351
11580.4 4702
1.33935e+06 3266
1.19016e+06 1828
63971.2 1113
8.07945e+06 5411
827127 2541
1.53594e+06 4703
52566 3988
1.85565e+06 352
77082 2542
46435.1 3267
1.51055e+06 1114
77592.3 5412
714181 1829
864792 4704
133124 353
552230 3989
81766.2 2543
1.17614e+06 5413
914380 3268
1.53795e+06 1830
904871 4705
7.07206e+06 1115
1936.85 3990
90775 2544
0.614166 5414
3.585e+06 354
158667 1831
56344.6 3269
52059.5 1116
271543 4706
830413 3991
999361 2545
2.17361e+06 5415
149193 3270
34699.4 1117
400210 1832
54292.5 3992
4.34654e+06 4707
2.47509e+06 355
1.23557e+06 2546
555462 5416
2076.28 1118
693903 3271
713758 1833
573067 4708
873200 3993
505501 356
127033 2547
1.83956e+06 5417
1.20274e+06 1119
8.12623e+06 3272
1.05234e+07 4709
8.72395e+06 1834
3226.76 357
154319 2548
858709 3994
216098 5418
764771 1835
416090 1120
832377 4710
6.44697e+06 3273
66.809 2549
2.53245e+06 358
50333.5 3995
1.03994e+06 5419
1.18072e+06 1121
947996 1836
967116 4711
15920.4 3274
521656 2550
1.55611e+06 3996
1.49653e+06 359
54880.3 5420
124661 1122
2.01437e+06 1837
332817 4712
1.81029e+06 3275
82436.2 5421
4493.18 2551
1.60876e+06 3997
3.37181e+06 360
457124 4713
87918.1 1123
317513 1838
90162 5422
11127.8 3998
1.56225e+07 2552
1.16865e+07 3276
725699 361
nan 4714
1.31319e+06 1839
1.02497e+07 1124
334083 5423
1.97499e+06 2553
2.54972e+06 3999
26754.6 3277
5.58919e+06 362
1.62964e+06 1125
1.05949e+07 4715
11536.2 5424
1.69236e+06 1840
131517 2554
3.20712e+06 3278
685915 4000
5179.27 363
19700.6 1126
1.40795e+08 4716
7032.14 5425
148860 3279
905209 2555
670773 1841
125058 1127
935586 4001
133341 4717
193597 364
7.73969e+06 5426
96161.5 3280
1.03182e+06 1842
644412 1128
611055 4718
845976 2556
2.29614e+06 4002
521296 1843
27101.4 1129
1.94628e+06 5427
293655 3281
3.42663e+06 365
nan 4003
18501.3 4719
4.26915e+06 2557
621584 1844
533405 5428
888647 3282
62989.8 1130
7.41271e+06 366
12550 4004
692370 4720
8.80163e+06 1845
423914 2558
42175.7 5429
0.64701 1846
413006 4005
969729 3283
3.55253e+06 1131
44517.5 4721
955928 367
1.05294 2559
128594 5430
1.17775e+06 1847
868060 3284
3.05055e+07 4006
53.5945 4722
1.05001e+06 368
0.86808 5431
1.77631e+06 1132
3.6714e+06 2560
505896 3285
2.43378e+06 4007
140669 2561
3.26313e+06 1848
1118.23 1133
9.78657e+06 5432
1.15593e+06 4723
947311 3286
5.19889e+06 369
1.10823e+06 4008
121869 4724
2.06594e+06 1849
1.15189e+06 2562
1.75561e+06 3287
1.57766e+06 5433
1.5513e+07 1134
nan 370
570312 4009
164024 2563
7.43531e+06 4725
6651.59 5434
2.93176e+06 3288
33942.7 1850
6.91043e+06 1135
43313.4 4010
0.50039 2564
88660.1 3289
1.54288e+07 4726
26305.8 371
2.22664e+06 1851
7286.19 4011
2.18252e+06 5435
nan 1136
32953.9 2565
977659 4727
14160.3 1852
288796 3290
1.30886e+08 5436
1.15393e+06 4012
4.0418e+06 372
680123 2566
720255 1137
60034.4 4728
441379 1853
912608 3291
277.499 1138
2.99694e+06 4729
6699.82 2567
986199 5437
1.99071e+06 4013
395512 373
414046 1854
1 3292
446769 4730
45481.8 2568
597766 1139
345174 5438
117716 3293
4.67207e+07 4014
0.500425 1140
23574.1 1855
135057 2569
6.59659e+07 374
4.14887e+06 4731
0.499839 4015
702611 5439
671148 1141
2.54331e+06 2570
547367 1856
736758 375
369454 4732
180440 3294
nan 1142
4.43185e+06 4016
1.03886 2571
85925.5 5440
20097.7 4733
207350 1857
834522 376
190707 3295
628260 4734
549851 1143
290339 4017
1.10407e+06 1858
2.73624e+06 2572
20724.5 3296
2.99986e+06 5441
44425.8 1144
2317.61 377
470396 4735
1.27239e+06 4018
1.26085e+06 2573
602820 1859
532096 3297
52531.7 5442
373612 4736
17259 4019
276205 1145
32089 2574
234361 4737
1.48895e+06 1860
2.95826 3298
574779 378
3922.22 4020
581635 5443
1.64851e+06 4738
8.06452e+06 1861
295844 3299
2.84415e+06 2575
2.29132e+06 379
3.22258e+07 1146
6.80078e+06 4021
1.00469e+06 1862
169499 4739
1.51118e+06 5444
1.08523e+06 2576
312234 3300
3300.91 4022
0.910921 1863
4.46073e+06 1147
22025.8 5445
58783.6 380
2.79348e+06 2577
1120.1 4740
12989.7 3301
35197 4023
519439 1864
149963 381
0.999919 5446
1.22744e+06 4741
225652 2578
2.95565e+06 3302
16529 1148
2.24308e+06 4024
536.097 1865
1.00065e+06 5447
2.21964e+06 2579
1.97949e+06 4742
28137.7 1149
137159 4025
6.48063e+06 3303
53779.4 1866
3.02192e+06 2580
517322 4743
779587 4026
32572.3 382
1.48344e+06 5448
10174.6 1150
300621 3304
1.02937e+06 1867
58826.9 4744
2.62256e+06 4027
0.965106 5449
1.58838e+07 383
432343 1868
750922 1151
232649 3305
3.27176e+06 2581
79878.8 4745
163614 5450
6471.29 4028
1.57443e+06 1869
1.41117 1152
906.654 3306
1.43482e+07 384
6.87756e+06 4746
1.28674e+14 2582
150949 5451
831392 1153
2.18252e+06 3307
81711.1 4029
7.25634e+06 1870
716666 4747
1.45096e+06 2583
9.66653e+06 385
nan 5452
733818 1154
325757 4030
89514.8 3308
2.25081e+06 1871
97485.7 2584
44656.7 4748
0.530925 4031
740701 5453
596376 3309
1.10451e+06 1155
364718 386
nan 2585
711700 1872
2.5984e+06 4749
44665.1 4032
2.28099e+06 5454
1.90312e+06 1156
923273 3310
642277 1873
1085.84 387
1.48692e+06 4750
42310.7 2586
1.28807e+06 4033
148045 5455
133505 4751
98279.9 1874
8.34709e+06 3311
132311 1157
8.73965e+06 2587
330304 4034
0.501105 5456
609982 388
225151 3312
732204 1875
2.20461e+06 4752
1.46512e+06 2588
4.12456e+06 1158
95272.9 389
918200 1876
nan 4035
3.69968e+06 5457
2.29396e+08 3313
7.83675e+06 4753
785563 2589
1.39045e+06 3314
22361 4036
1.41034e+06 5458
nan 1877
3.0805e+06 390
37123.3 1159
1.41776e+06 4754
1.49282e+06 2590
155.986 3315
53110.4 1878
3.83045e+06 5459
nan 4037
4.80801e+06 1160
1.03905e+06 2591
4898.94 4755
848003 3316
82469.2 5460
1.20429e+06 1879
31314.7 391
318377 4038
2.57836e+06 2592
503055 3317
789375 4756
57170.5 1161
1.71158e+06 1880
23223.4 5461
3.64647e+06 4039
923726 3318
143620 392
96810.2 2593
8423.94 1162
78496.3 5462
1.70533e+06 4757
8.41714e+07 1881
0.500018 4758
1.73415e+06 3319
2.56321e+06 4040
479348 1163
465098 2594
663313 5463
2.64177e+06 1882
nan 393
573558 4759
1.39161e+06 3320
80688.3 4041
2.60077e+06 1164
9142.29 1883
2.7744e+06 5464
856667 2595
35301.6 4760
576051 394
3.16277e+06 4042
123962 3321
37397.5 1165
131085 1884
7.3623e+06 5465
1.95296e+06 4761
28116.2 2596
7.46679e+06 4043
117948 3322
3.01455e+06 1166
16532.7 5466
1.33347e+06 4762
913300 1885
18054.3 395
627826 2597
615507 1167
1.59356e+06 4044
728747 1886
349339 5467
1.8317e+06 4763
4056.1 3323
9465.62 396
132696 1168
763402 4045
5.74512e+06 1887
497787 5468
519816 2598
223928 4764
6.15138e+06 397
3.679e+06 3324
1.77263e+06 1169
99115.3 4046
230630 1888
3.31141e+06 5469
37154.4 4765
4.72844e+06 3325
344449 2599
nan 1889
273402 1170
1.39546e+06 398
2.92103e+06 4766
42434 4047
802599 5470
1.03058e+06 1890
3.98542e+06 3326
81655 2600
378587 1171
2.3193e+06 4767
783982 4048
782553 5471
958811 1891
nan 3327
961428 399
2.44454e+06 2601
1.76565 4049
20219.9 4768
779389 3328
23158.2 400
128946 5472
nan 1172
6684.05 2602
26011.8 401
27502 1892
1.93493e+06 4769
2.75924e+06 4050
86717.3 3329
851754 1173
2.15306e+06 5473
3.14381e+06 2603
436738 4770
157531 4051
1.23874e+06 3330
5.20267e+06 402
2.11312e+06 1893
497045 1174
132550 2604
1.09473e+06 5474
0.499923 4771
569532 3331
8.49684e+06 4052
2.24805e+06 1894
27.9934 1175
568263 4772
2.70346e+06 2605
604160 1895
43112.3 3332
85538.2 5475
284488 4053
4.23655e+06 1176
784371 4773
509807 2606
1.75757e+06 5476
2.65888e+06 403
1.31898e+07 3333
17057.8 1896
24037 4774
100026 2607
2.56625e+06 4054
2.78737e+06 1177
777968 3334
nan 5477
10767.5 1897
42859.3 4775
nan 404
75218.4 1178
2.67686e+06 2608
3.03114e+06 4055
2.06248e+06 3335
733584 5478
689909 4776
4.28186e+06 1898
982776 3336
1.26265e+07 1179
1.21321e+06 405
456828 2609
48194.2 4056
681463 5479
0.621713 3337
6.58802e+06 4777
2.19233e+06 1180
154295 2610
1.50228e+06 406
1.24978e+06 3338
72351.2 5480
1.00001 4057
406704 1899
869401 4778
1902.3 5481
719639 3339
252098 4058
4870 407
1.6923e+06 2611
1.14712e+06 1181
2.98626e+06 1900
1.79967e+06 4779
382884 5482
325697 3340
20009.1 408
843211 2612
99744.1 1901
1.17439e+06 4780
554644 4059
1.58312e+07 1182
837029 5483
534928 3341
1.17395e+06 409
3.4478e+06 1902
1.63057e+06 4060
739432 2613
938429 4781
2.12956e+06 1183
131407 1903
242143 3342
783397 4782
1.20474e+06 5484
547351 4061
69034.3 1184
4266.74 2614
49295.8 410
5883.34 3343
981058 5485
992823 4783
786.364 1904
7562.55 4062
119576 411
12007.8 2615
587532 1185
122677 1905
11134.2 1186
67772.3 4063
238468 3344
194209 2616
477454 5486
1.33265e+06 412
6.39162e+06 4784
0.672743 1187
2.35315e+06 4064
0.50901 3345
682726 1906
566874 5487
0.733661 413
1552.25 3346
828.76 4065
nan 4785
829413 2617
92228.1 5488
244390 1188
389464 414
1.55099e+06 1907
1.16466e+06 2618
549121 4786
4.18672e+06 3347
596123 4066
60850.4 5489
1.04959e+06 1189
3792.88 3348
4022.98 415
344540 4787
256111 1190
1.37423e+06 4067
32102.7 1908
4722.05 5490
528930 2619
484377 416
nan 1191
5.38056e+06 3349
113556 1909
80301.3 4068
365213 4788
94012.4 5491
1.80594e+06 2620
841970 4069
400251 5492
59342.9 1192
922109 1910
1.01047 2621
nan 4789
615958 3350
nan 417
5848.81 4070
1.15646e+06 1193
1.96766e+06 2622
1.2737e+06 4790
630852 3351
184330 1911
3.23406e+06 5493
1.06534e+06 418
537473 1194
48287.3 2623
342795 4071
2.92252e+06 4791
3.22668e+06 3352
624931 1195
1054.68 5494
86931.8 4072
151810 419
2.25315e+06 2624
788014 1912
1.40941e+06 3353
3.65113e+06 4792
2.13267e+06 5495
1.09683e+06 1196
744763 2625
2.12742e+06 4073
145946 1913
601033 420
403031 3354
2.59247e+06 4793
2.91203e+06 2626
65695.1 1914
1.29815e+06 4074
1 5496
344831 421
1.91549e+06 3355
5.76036e+06 1197
1.1813e+06 2627
53313.5 4794
639767 4075
168291 3356
719759 5497
1.38818e+06 1915
1.58066e+06 2628
6323.72 4076
937810 1198
503019 422
637761 4795
162051 5498
14365.3 3357
3.33563e+06 1916
106150 1199
7.0914e+06 2629
4.12282e+06 4077
1.26008e+06 5499
21910.3 4796
956247 3358
727843 1917
140919 2630
5960.23 1200
946654 4078
451373 5500
16496.9 4797
nan 423
1.20507e+06 1918
87489.8 2631
2384.94 5501
7.80718e+06 1201
942982 4798
73846.7 424
808122 4079
1.95391e+06 3359
74133.4 2632
22852.1 5502
159276 1919
8.0832e+06 3360
969558 4799
1.02878e+06 1202
1528.33 2633
872588 4080
2.2856 5503
1.83423e+06 4800
101173 425
2.08064e+06 3361
21407.7 2634
2.47507e+06 4081
63560.5 1920
1.40918e+07 1203
123232 5504
652533 4801
58036.9 3362
263947 2635
160044 4082
9298.59 1921
466003 1204
0.499279 3363
796027 5505
2.92945e+06 426
1.11037e+06 4802
103510 2636
0.682479 1922
649133 4083
388989 3364
751946 427
795606 1205
2771.15 5506
16196.6 4803
61.4074 4084
58763.9 3365
1.64398e+06 2637
1993.81 1923
447088 1206
12513.8 428
3.06659e+06 4804
1.19734e+07 5507
497504 3366
300190 429
1.57577e+06 4085
10994.6 2638
1.12407e+06 1207
4.43288e+06 4805
0.500032 430
997521 5508
315472 1924
1.30078e+06 3367
1539.53 4086
1034.66 1208
12047.9 2639
824.409 4806
1.37578e+07 5509
nan 1925
nan 431
388214 2640
74682.5 3368
2.0823e+06 4087
nan 5510
2.07807e+06 4807
1.32506e+07 2641
163038 432
230046 1926
124198 1209
2.74939e+07 3369
74.4899 4088
2.89381e+06 4808
20662 2642
25587.6 5511
1.6587e+06 433
56051.4 3370
37820.2 1927
313986 1210
257024 5512
48922.1 4089
106303 434
2.12896e+06 2643
823611 4809
3.76285e+06 3371
1.12678 5513
1.3078e+06 1928
283602 1211
526834 4090
1.92163e+06 4810
2.36481e+07 2644
106966 3372
18008.4 5514
1.27594e+06 1929
13.7858 4091
215270 4811
nan 435
1.15707e+06 2645
51912 3373
1.36492e+06 1212
843882 5515
633322 1930
3.15545e+06 4812
1.08323e+06 4092
516715 2646
39830.3 3374
68.6826 436
3.02433e+06 5516
37880.4 4093
27815 437
1.01281e+06 1931
1.24273e+06 4813
250177 1213
1.32805e+06 5517
443682 3375
728112 4094
1.03462e+06 438
1.73027e+06 5518
132720 1214
110071 1932
821275 2647
1.53493e+06 4814
3.76866e+06 3376
8.42826e+06 4095
1.31661e+06 1215
3.53395e+06 5519
1.5839e+06 2648
690458 439
102450 4815
15249 1933
78818.9 3377
2.45768e+06 4096
1.72729e+06 1216
285873 5520
nan 2649
150612 440
1.18219e+06 1934
38067.1 3378
505123 4816
1.5156e+07 4097
3.11594e+06 5521
313789 2650
0.500633 4817
142880 1217
35672.8 441
1.01734e+07 3379
2.03625e+06 4098
319116 1935
1.47883e+06 5522
132930 442
2.32584e+06 2651
264883 3380
898897 4818
129350 1936
1.73175e+06 4099
2.73465e+07 1218
2.10194e+06 2652
1.00555e+06 443
2.49368e+06 5523
648519 3381
2.01471e+06 4819
117757 2653
19123.1 1219
315098 1937
1.16874e+06 4100
9001.71 444
3.69471e+06 5524
146558 3382
1.18136e+06 4101
6.72088e+07 1938
1.52318e+06 4820
1.9586e+06 2654
33778.5 5525
616380 4102
398435 1220
nan 445
2.63836e+06 3383
150340 1939
1.06152e+06 2655
526598 4821
618993 5526
32135.9 446
1.14464e+06 4103
2.31305e+06 1221
905769 3384
1.86147e+06 2656
132496 1940
2.38947e+06 5527
2.31606e+06 4822
943584 4104
1530.52 447
85642.6 3385
22043.1 2657
1.50039e+06 5528
3.00733e+06 1222
3.24581e+06 4823
125661 1941
2.90571 4105
nan 3386
112641 1942
114137 4106
71759.9 1223
2.61942e+06 2658
778038 5529
10185.4 448
339556 4824
1.31069e+06 3387
104.163 4107
2.16514e+06 1943
1.73437e+06 5530
5.06049e+06 2659
222477 1224
30209.6 449
2.54643e+06 3388
423778 4825
1.9963e+06 1944
10231.6 4108
139967 5531
663992 2660
238.053 1225
48959.4 4826
9867.81 3389
2.45725e+06 4109
2.64066e+06 5532
3.65362e+06 450
1.083e+06 1945
4.30635e+06 1226
7762.42 2661
3.25403e+06 4827
314313 3390
78207.5 4110
1.21542e+06 5533
314639 451
1.66476e+06 1946
270189 2662
958488 4828
0.965214 5534
578499 4111
4.7584e+06 3391
2.24345e+06 1947
119811 1227
7.76254e+07 452
44044.1 2663
1.73278e+06 3392
1.74943e+06 4112
2.53679e+06 5535
62928.9 453
2.04495e+06 1228
4.29184e+06 4829
2.48351e+06 1948
1.70353e+06 2664
125168 454
1.62638e+06 3393
1.06095e+06 5536
655787 4113
140016 1949
4.18286e+06 4830
2.34516e+06 1229
63425.8 2665
2.04274e+06 3394
6496.38 5537
170113 1950
158885 1230
1.1186e+06 2666
1.01624e+06 4831
63130.3 4114
7768.77 455
21437.5 3395
472.02 5538
119678 4832
nan 1951
496469 3396
3.54885e+06 2667
1.14116e+06 4115
1.36352e+06 456
3.24719e+06 1231
536033 5539
64780.4 4833
38214.9 3397
1.89351e+06 1952
1.32928e+06 4116
1.20966e+06 2668
25841.5 457
470481 5540
1.18814e+06 4834
708209 1232
50402.3 4117
163905 3398
1.44789e+06 1953
239225 2669
52582.8 5541
148694 4118
536143 3399
2.85457e+06 4835
93073.6 1954
77996.3 1233
302675 458
nan 5542
1.71787e+06 2670
895756 4119
913124 3400
64299.2 1955
1.98959e+06 4836
810831 1234
31.2236 2671
2.05881e+06 5543
2.09023e+06 3401
1.34119e+06 4120
89135 1956
600057 459
4.89771e+06 4837
926259 1235
12660.2 2672
128034 3402
977082 5544
2.81777e+06 4121
111221 1236
1.18165e+06 3403
880371 1957
3.56176 2673
2.66499e+06 4838
nan 4122
2.97869e+07 5545
1.47547e+06 460
24955 2674
0.964907 4839
890664 3404
843295 5546
529.204 1958
1.87247e+06 4123
4.62018e+06 1237
82063.1 461
1.91296e+06 4840
636.214 5547
600847 3405
510213 2675
1.86339e+06 4124
5.1578e+06 1959
2624.13 5548
3.24632e+06 1238
563.689 4841
377454 4125
176822 462
2.20632e+06 2676
1.48578e+07 3406
491.22 1239
1.90968e+06 1960
1.03596e+06 5549
0.963186 4126
4754.89 4842
1.60534e+06 463
182.447 1961
1.76099e+06 3407
91563.2 4127
nan 1240
40865.5 4843
1.96615e+06 2677
10110.9 5550
1.5437e+06 4128
115332 464
744341 1962
1.53185e+06 1241
657847 3408
604532 5551
4950.09 4844
627715 2678
770426 4129
293851 3409
114.497 1242
3.78737e+06 5552
1.34827e+06 1963
888702 4845
146243 2679
5.09383e+07 465
6.28792e+07 4130
1.01473 3410
99975.1 466
3.64896e+06 4846
688533 5553
nan 1243
1.41769e+06 1964
0.500009 4131
nan 2680
360620 467
185295 3411
280081 5554
0.499992 4132
620674 1965
236046 4847
746484 1244
1.09565e+06 2681
1.84262e+06 468
41108.5 4848
576025 4133
1.09443e+06 1966
5871.4 5555
482406 3412
3.91046e+06 1245
814566 5556
59439 2682
699008 4134
480537 469
291899 4849
85440.1 3413
40186.8 1967
7.63647e+06 1246
2.62973e+06 4135
4631.93 3414
155776 470
3.19513e+06 5557
2.05883e+06 2683
150782 1968
670.404 1247
569350 4850
649323 3415
586241 4136
7895.05 471
192633 2684
nan 1248
122357 5558
432329 4851
416.419 1969
131127 3416
55715.9 4137
1.68542e+06 2685
1.29966e+07 4852
1.14805e+06 5559
466295 1249
37327.1 1970
57461.1 3417
17.6845 472
1.07906e+06 4138
85079.7 2686
977335 4853
855496 5560
945311 3418
847657 2687
481273 473
27706.4 1971
4.03887e+07 4139
472625 1250
22766.8 5561
1.06723e+06 3419
4.18407e+06 4854
736974 474
191097 2688
182085 4140
4.14256e+06 1972
9029.79 5562
81854.1 1251
9504.5 2689
577225 3420
1.5181e+06 4855
329572 5563
27068.4 1973
4.47338e+06 4141
3.30744e+06 475
115233 3421
1.60033e+06 1252
755.891 4856
103891 2690
2.91238e+06 4142
314965 5564
nan 1974
797159 3422
nan 4857
1.89118e+06 2691
2.2331e+06 5565
1.76935e+06 1253
1.20559e+06 476
1.59753e+06 4143
40200.1 4858
107632 3423
2.03674e+06 1975
7886.29 5566
1.06789e+06 2692
36159.9 4859
103184 1254
1.60972e+06 4144
1.60965e+06 3424
1.80586e+06 5567
45281.7 1976
354625 477
2.26831e+06 2693
39491.1 4145
28215.6 1255
988789 3425
339044 4860
8.2638e+06 1977
5.09101e+06 5568
1.27669e+06 478
5072.29 4146
987425 2694
1.167e+06 3426
15965.9 4861
351849 1256
175584 5569
3.91022e+06 1978
1.74628e+06 4147
150824 4862
137851 3427
418364 2695
325640 479
3.25157e+06 5570
8836.46 1257
307227 4148
759503 1979
46107.3 2696
1.01449e+06 3428
1.96679e+06 4863
2.27891e+06 5571
334031 1258
178924 480
967195 4149
900353 4864
1.7364e+07 1980
3.3357e+06 3429
2.32315e+07 2697
92487.3 1259
222869 5572
3.23855e+06 4150
996393 4865
2.36701e+06 481
517488 1981
678398 3430
72429.4 2698
402664 5573
134155 1260
123420 4151
470992 482
3.37095e+06 4866
1.06582e+06 1982
769977 1261
nan 483
3.59381e+06 2699
66362.6 3431
918960 4152
820751 5574
2.05838e+06 4867
1.20466e+06 1983
22571.5 3432
398860 1262
1.21733e+06 4153
2.41201e+06 2700
1.27296e+06 5575
728789 4868
1.20144e+06 1984
818381 484
1.92789e+06 4154
1.87722e+06 2701
39428.8 3433
2.9914e+07 1263
1.09662e+06 5576
3.86049e+06 4869
111596 4155
nan 3434
108317 485
47705.9 1264
2.06589e+06 5577
1.6564e+08 2702
422204 1985
419724 4870
473712 4156
58918.4 3435
31286.4 1265
291659 2703
339269 1986
2.22214e+06 4871
900753 4157
650411 3436
2.35017e+07 5578
4.6482 486
509603 4872
1.02146e+06 4158
143591 1987
73952.2 1266
2.24445e+06 3437
175306 2704
636935 5579
1.67286e+06 487
97411.6 4873
1.89623e+06 4159
1.42674e+06 3438
1963.08 2705
91557.9 5580
27242.5 488
153544 1988
1.2664e+06 4874
1.80423e+06 3439
1.8318e+06 1267
3901.41 4160
530177 5581
8063.32 1989
27988.6 2706
1.70369e+06 489
30501.5 4875
173968 4161
125166 1268
7.97121e+06 5582
3.91078e+07 3440
1729.01 490
986978 1990
69326.2 4876
2.54588e+06 2707
70672.8 4162
148885 5583
818280 1269
1.24173e+06 3441
467163 491
448441 1991
1.33894e+06 4877
141506 2708
283103 4163
5.27527e+06 5584
24.7057 1270
52821.3 1992
289480 3442
523434 2709
4.17219e+06 492
4738.27 4164
981859 4878
nan 5585
2.46961e+06 3443
1.41781e+06 2710
235077 1993
630201 1271
370987 5586
9.71194e+06 4165
nan 4879
593669 493
1.2058e+06 2711
202083 3444
1.111e+06 4880
1.25587e+06 1994
671874 1272
1.7896e+07 4166
1.03393e+08 5587
602051 2712
6.26536 3445
716910 494
815074 4167
569687 1273
5.47081e+06 5588
nan 2713
1.25866e+06 3446
641350 1995
170058 4881
2.3679e+06 4168
1.86333e+07 1274
320774 495
1.22934e+06 5589
nan 2714
213466 1996
372211 4882
97422.9 3447
258384 4169
37251.1 1997
18075.9 496
23487.7 5590
nan 1275
644295 2715
5911.03 4883
2.56542e+06 4170
3.74435e+06 3448
2.01893e+06 2716
466828 1276
55494.6 497
1.97123e+06 1998
nan 5591
nan 4884
1.23258e+06 3449
2.18547e+06 4171
3.53601e+06 1277
431561 1999
16198.7 2717
35589.4 5592
1.48456e+06 4885
77413.6 4172
697872 498
26381.4 3450
0.500927 2718
489667 1278
1.02151e+06 2000
13581.4 4886
238095 5593
63097.2 3451
4401.68 4173
478506 499
0.498417 1279
644106 2719
nan 2001
418673 5594
2.01633e+08 4887
503767 3452
3841.16 500
1.98202e+06 4174
673848 2720
266765 1280
71607.4 5595
3.44533e+06 2002
2.88126e+06 4175
7.21275e+06 3453
3.0052e+06 501
194943 4888
490355 1281
12471.7 2721
5.29442e+07 5596
4327.95 4176
2.96672e+06 3454
4.544e+06 502
2.96667e+06 2003
131076 4889
7.2987e+06 5597
nan 1282
2.80693e+06 2722
157157 503
878215 3455
906454 4177
nan 4890
1.29138e+08 5598
392056 1283
1.85932e+06 2004
3.67225e+06 3456
1.4071e+06 504
862003 4178
1.24286e+06 4891
103.123 2005
14364.9 1284
932243 5599
63118 2723
168141 3457
86477 505
293277 4892
44840.9 4179
350307 1285
166585 3458
6.82991e+06 5600
22216.7 2006
98584.7 2724
172063 506
797366 4180
1.31751e+06 4893
2.16289e+06 5601
696263 3459
1.97607e+06 1286
2.20577e+06 2007
105179 2725
2.16465 4894
1.64675e+06 4181
1.03767e+06 5602
2.11172e+06 3460
1.00008 1287
8.38433e+06 507
966413 2008
nan 4182
321486 2726
144436 3461
1.05764e+06 4895
1.61547e+06 5603
45023.9 4183
177998 2009
16921 1288
10678.4 508
762160 2727
6.65878e+06 3462
nan 5604
1.00986e+06 4896
2.0287e+14 2728
1.1113e+06 509
2.05429e+06 2010
1.73171e+07 4184
746543 3463
1.07083e+06 1289
2.53902e+06 4897
31.6 2729
625928 2011
896.993 510
2.17423e+06 5605
2.82938e+06 3464
296289 1290
705100 4185
2.86812e+06 5606
8.12628e+07 2730
1.07375e+06 511
812828 4898
1.34545e+06 2012
777794 4186
11175.6 1291
440766 3465
2.7757e+06 5607
13560.1 2731
152787 4899
440858 4187
8.07846e+06 3466
111830 1292
2.68055e+06 5608
0.999727 2013
658816 512
139513 2732
1.23579e+06 4900
15498.4 4188
13793.7 1293
nan 2733
2.15514e+06 5609
495725 3467
63344.6 2014
1.76977e+06 513
1.14261e+06 4901
nan 3468
2.95261e+06 2734
919478 1294
1.59651e+06 5610
139.809 514
707496 4189
89208.1 2015
8245.32 4902
9.45277e+07 3469
980.947 5611
1.42163e+06 515
1.12832e+06 4190
1.14913e+06 4903
1.59917e+07 2735
7.07637e+06 1295
3.15088 3470
193350 5612
634507 4904
1.67464 4191
3.89589e+06 2016
2.17542e+06 2736
160764 516
3.92091e+06 3471
nan 5613
100778 1296
958472 2737
3.52639e+06 4192
1.07965 4905
4.55471e+06 2017
1.05146e+07 3472
211.21 5614
458465 4906
2.67822e+06 2738
1.35439e+06 4193
924690 517
185633 1297
3.78958e+06 3473
1.43634e+06 5615
877559 4907
22870.7 1298
666174 2739
176269 518
2.63049e+06 4194
723054 5616
5.57451e+06 3474
0.999968 2018
5.19492e+06 1299
47349 5617
21652.2 519
43178 2740
33040.7 4908
961069 3475
578479 4195
868356 5618
251582 2019
1.17658e+07 2741
2.87595 520
408232 4909
nan 1300
1.18495e+07 3476
902190 4196
2.37179e+06 521
8443.55 2742
1.78683e+06 2020
2.93343e+06 5619
2.32469e+06 1301
160222 4197
694999 3477
429622 5620
5.15768e+06 4910
627335 2743
190418 1302
529280 2021
133637 4198
1.23221e+06 3478
424097 5621
5.84743e+06 522
7224.24 4911
2.40093e+07 2744
3.11368e+06 2022
167745 1303
1.28471e+06 5622
nan 3479
137986 4199
1.94252e+06 4912
1.48925e+07 2745
1.96553e+06 4200
3.27981e+06 5623
445389 523
3.03508e+06 3480
488.852 2023
29684.7 1304
85294.6 2746
355888 4913
107409 5624
1.03752e+06 3481
16620.6 4201
742389 2024
1.41467e+06 524
1.18901e+06 2747
1.28044e+06 1305
1.44652e+06 5625
874510 4914
8.33071e+07 4202
25875.7 3482
nan 2748
6.81715e+06 2025
383804 525
1.15229e+06 5626
2.04826e+06 2749
464614 4203
251415 4915
384751 1306
1.56858e+07 3483
1.21146e+06 5627
219056 526
1.32547e+06 4204
1.16668e+07 2026
87187.7 2750
1.34554e+06 1307
2.80106e+06 3484
23210.3 5628
44549.5 4916
3.4439e+06 4205
21.5436 527
nan 2027
nan 1308
6.62066e+06 2751
3.74921e+06 5629
1.89973e+06 3485
130002 528
304.476 2752
586828 4917
4.29664e+06 1309
8.11123e+06 4206
216960 3486
189127 5630
5.61603e+06 2028
199519 2753
23034.6 4918
1.63238e+06 1310
921444 4207
1.6296e+06 3487
1.56863e+06 529
2.28174e+07 2029
2.03548e+06 5631
78959.7 2754
1.89552e+06 1311
1.6304e+06 4208
1.10892e+06 4919
770.53 5632
6.43429e+06 2755
5.18022e+07 530
3.18499e+08 3488
0.666286 4920
1.80234e+06 4209
379355 531
3.18419e+06 1312
167985 2030
1.97904e+06 2756
2.09838e+07 5633
2.94392e+06 3489
nan 4210
1.90918e+06 4921
1.84965e+06 2757
28603.9 5634
311.176 4211
53333.5 2031
27787.3 532
1.94641e+06 3490
221953 4922
999332 2758
88599.4 1313
1.99999 533
2.24046e+06 5635
195057 2032
914346 3491
373600 4212
29053.5 1314
259401 4923
3.23212e+06 2759
1.33009e+06 534
118884 5636
3182.86 4213
3.95018e+06 2033
17289.9 3492
955.422 4924
5.20531e+06 1315
0.500791 4214
950003 2760
108818 4925
1.29736e+06 2034
1.12512e+06 5637
239073 3493
2.2039e+06 1316
154679 4926
1.20342e+06 535
3.16541e+06 5638
229993 2035
5.56695e+06 2761
32738.2 4215
1598.16 3494
27761.8 4927
890.262 536
0.71903 1317
nan 2762
2.86044e+06 2036
28006.7 5639
nan 3495
522.193 4928
2.51738e+06 4216
3.64979e+07 2037
2.21099e+06 2763
713600 5640
1.12157e+06 4929
59005.3 537
1.03963e+06 4217
1.19751e+07 1318
112282 3496
135208 4218
53141.6 2764
nan 4930
1.43954e+06 5641
213826 2038
45535.7 5642
66950.3 1319
4.08742e+06 538
4.57641e+06 3497
463642 2765
1.0809e+07 4931
1.56596e+06 4219
34.881 5643
479616 539
3.22109e+06 2039
1.84496e+06 3498
1.80523e+06 1320
659695 2766
1.06723 5644
5.03153 4932
91688.5 4220
10221 2040
1.32231e+06 540
667577 3499
1.96352e+07 2767
848.415 4933
682103 5645
51.4211 541
1.6658e+06 1321
2.92585e+06 4221
167616 5646
1.04807e+06 2768
539088 4934
349942 2041
157387 3500
781023 1322
7.56163e+06 2769
2.74288e+06 5647
4.0902e+06 4222
244601 4935
2.68694 1323
2.24373e+06 3501
nan 5648
5.95278e+06 2042
nan 542
1.7641e+06 4936
nan 2770
330552 4223
89851.1 3502
757424 5649
2.0655e+06 1324
221041 2043
35383.4 4937
8949.01 543
127222 4224
4.17609e+06 2771
696661 3503
3387.65 5650
10759.1 4938
244703 544
21836.2 2044
253195 1325
3.00207 3504
377411 2772
1.434e+06 4225
5.5266e+06 5651
451949 4939
0.499992 2045
423253 1326
83840.3 3505
912950 4226
325193 5652
1.47199e+06 4940
12227.1 2773
124736 545
111242 4227
9636.37 546
1.05707e+06 2046
3.39249e+06 3506
7181.02 5653
2.15899e+07 4941
1.40301e+07 1327
69294.6 2774
15357.9 4228
29175.1 3507
244059 547
5237.04 1328
5.08875e+07 2047
5.05008e+06 4942
2.58317e+06 2775
1.0587e+06 5654
631477 4229
5830.5 3508
1.45386e+07 548
25060.4 4943
1.86592e+07 1329
112334 2048
0.500001 4230
2.04905e+08 5655
3.87307e+06 2776
12.389 3509
1.20196e+06 4944
160983 4231
646105 5656
2.01696e+06 549
148674 2049
1.04973e+06 1330
333189 2777
17964.9 4945
191604 5657
2.1328e+06 4232
7443.5 550
24906.6 3510
8829.76 1331
1.35661e+06 2050
1.1275e+06 5658
1430.15 4233
2.38212e+07 4946
30243.2 3511
1.67383e+06 2778
594909 2051
1.64646e+06 551
853403 1332
708137 4947
469608 4234
571852 5659
645919 3512
549698 2779
nan 4948
103236 1333
70.7056 2052
32774.4 4235
7.57965e+06 552
35206.5 4949
742936 3513
52029.6 5660
nan 1334
470279 2780
nan 4236
102333 5661
1.13672e+06 553
551186 2053
176121 4950
787300 3514
5044.47 1335
1.91893e+06 4237
44948 5662
108087 2781
nan 4951
579325 3515
3.26158e+07 1336
767626 2054
1.22131e+06 554
82282 4238
361.926 5663
2.55868e+06 2782
7.62184e+06 4952
661095 3516
2.31551e+06 4239
601307 1337
396243 5664
3.78121e+06 555
190845 2783
242044 2055
162707 4953
750864 1338
18338.3 4240
136253 5665
1.27136e+06 3517
3881.57 4954
24946.2 556
259993 2784
397053 2056
1.30231e+06 4241
258703 1339
6.26666e+06 557
1.85557e+06 3518
1.8995e+06 5666
244128 2057
14970.8 4955
836236 2785
2.28556e+06 5667
237436 558
297949 1340
1.18635e+06 4956
nan 4242
589521 3519
34402.6 2058
1.53782e+06 2786
19679.9 1341
128.262 3520
207577 4957
2.76519e+06 5668
48027.5 4243
2.08257e+06 559
901781 2059
23964.4 4958
30146.7 5669
3.20589e+06 3521
9.78991e+06 2787
1.26362e+07 1342
3.67382e+06 4244
1.30726e+06 4959
8856.61 5670
349047 560
1.22461e+06 3522
6971.89 2060
159409 4245
133649 5671
2.71767e+06 2788
521313 4960
2.31292e+06 1343
159809 561
155353 2061
112022 3523
135906 5672
70419.3 1344
570141 4246
546840 4961
3.07482e+06 2789
1.70939e+06 562
792874 5673
11.8722 1345
1.1053e+06 3524
nan 4247
1.673e+06 2062
2.27387e+06 2790
1.36961e+06 4962
2.18546e+06 5674
742534 2063
1.10976e+07 1346
1.44272e+06 563
363446 4248
525784 5675
244008 3525
2.7651e+06 2791
1.84437e+06 4963
881976 564
593934 5676
1.79043e+06 4249
2.50905e+06 2792
1.238e+07 2064
0.959093 5677
2.68289e+06 3526
42057.9 565
439859 1347
1.99836e+06 4250
170063 4964
517137 5678
3.50882e+06 2065
1.84541e+06 2793
2.08861e+06 1348
1.94035e+06 3527
10.7347 4965
190252 5679
5097.71 4251
307674 566
4.76999e+06 2794
nan 5680
2.07409e+06 2066
25381.1 1349
48768.7 4966
395074 4252
338892 2795
1.33934e+07 3528
nan 5681
438920 1350
812603 4967
7322 567
577806 2067
13226.7 4253
1.16073e+06 2796
1.00808e+06 1351
893291 5682
68782.5 3529
661284 2068
498812 4968
4.09639e+06 4254
847789 5683
264070 3530
3.16814e+06 2797
1.51293e+06 568
2477.23 4255
5948.85 2069
1.6408e+06 5684
2.11246e+06 3531
1.72893e+07 2798
40798.2 1352
392615 4969
460358 2070
2.05527e+07 569
439846 5685
7748.26 4256
11264.8 3532
928823 2799
6166.32 4970
51010.3 5686
0.885756 1353
347530 4257
3.9096e+06 2071
202630 570
1.59146e+06 3533
92106.3 4971
1.21281e+06 5687
2.6311e+06 2800
42624.9 4258
623832 5688
740223 4972
147071 2072
350004 3534
115527 571
1.31581e+07 2801
794158 4973
347467 3535
690242 4259
590689 5689
38295.5 1354
25930.5 2802
871900 4974
6.97885e+06 2073
400191 5690
210964 572
153396 3536
2.63276e+07 4260
1.33092e+06 4975
2.26806e+06 1355
3481.79 2074
995604 5691
99.6793 2803
352713 573
997643 4976
430156 3537
543200 4261
105987 1356
22241.4 5692
11433.6 4977
180550 3538
159796 2804
4.78116e+06 2075
929985 5693
316995 4262
37218.6 574
850.458 1357
115558 4978
101767 2805
nan 3539
1.20957e+06 2076
2.77039e+06 4979
1.24243e+06 5694
35029 4263
2100.16 3540
42991.5 1358
2.89823e+06 575
219792 2806
220933 4980
2555.72 2077
7439.54 4264
4.17559e+06 2807
23956.8 3541
1.65229e+06 4981
927399 576
151929 4265
263835 2808
16150.8 4982
1323.71 1359
319490 577
7.06328e+06 2078
1.20618e+06 3542
634779 4266
2.22145e+06 4983
2106.83 2809
1.47901e+06 2079
567921 3543
20.534 1360
1.19663e+06 578
551536 4267
1.0099e+06 2810
9.05389e+06 3544
2.67539e+06 1361
183871 579
1.53992e+06 4268
1.02199e+07 2811
507012 2080
2704.44 1362
574974 3545
6.96383e+06 4269
2.58997e+06 2081
2.40343e+06 2812
107181 4270
0.945266 580
343490 1363
822679 3546
422680 2082
2.11776e+06 2813
6809.21 1364
5.00561e+06 4271
6790.7 3547
825238 2083
1.48199e+06 2814
477712 581
3.78037e+06 1365
184598 3548
1.42279e+06 4272
10912.4 2815
716777 2084
1.00093 3549
869410 582
1.4385e+07 1366
2743.81 2085
1.82993e+08 2816
2.28867e+06 3550
3.26819e+06 583
2706.29 1367
2.43906e+06 3551
535772 2086
2729.51 2817
412484 1368
177.777 584
39497.7 3552
149157 2087
6.07599e+06 1369
5.5184e+06 2818
2.00141e+06 585
1.83246e+06 3553
11335.8 1370
1.48651e+07 2088
7579.15 3554
816509 586
3.25928e+06 2819
1.44363e+06 1371
40990.6 2089
3611.71 2820
3.81639 1372
952803 3555
4.33379e+07 587
3.10358e+06 2090
859102 1373
94.1548 2821
93108.7 3556
nan 1374
6.84127e+06 2091
24.9323 2822
231097 3557
1.16922e+07 588
817909 2823
3.58792e+07 2092
523089 1375
83938.9 589
902563 3558
1.22809e+06 590
959.093 3559
1.409e+06 2824
3.79166e+06 2093
17081.4 1376
2.25562e+06 3560
1.9136e+06 591
384117 2094
1.36493e+07 3561
2.52326e+07 2825
2.98153e+06 1377
2.35556e+06 2095
4371.07 592
1.52304e+06 1378
1.49466e+06 2826
140664 2096
212694 593
3.54788e+06 1379
1.06559e+07 2827
131737 2097
911350 594
622242 1380
350833 595
1.85038e+06 2098
2416.72 1381
3.71422e+06 2828
2.03401e+06 2099
3.47274e+06 1382
18739.3 596
639112 2829
28.3486 597
547051 2100
nan 1383
150429 2830
146843 598
1.12892e+06 2101
136320 1384
2.83174e+06 2831
nan 599
4.10718e+06 2102
1.03528e+06 2103
246258 600
nan 2832
3.21472e+06 1385
1.99235e+06 2104
8663.35 2833
4.87004e+06 601
9.68526e+06 1386
337940 2105
563885 2834
88516.6 2106
11303.4 602
492049 1387
52833.7 1388
39797.9 603
1.86074e+06 2107
766972 2835
220653 2836
40580.2 1389
52789.4 2108
221152 2109
20323.6 2837
1.55569e+06 604
1.7432e+06 1390
145201 2110
571571 605
1.51141e+06 2838
22552.7 1391
20653.5 2111
3.12827e+06 606
1.54175e+06 2839
1.08219e+06 2112
46.4848 607
5.20278e+07 1392
352591 2840
1.06502 2113
40422.5 608
1.01043e+06 2841
4.02098e+06 609
236460 2114
7.79175e+06 1393
716958 2842
546461 2115
72323.3 610
2.69623e+06 2843
41786.7 2116
46603.2 1394
6657.91 611
9.55517e+06 2844
2.0569e+06 2117
nan 1395
1.9049 2118
201401 612
125233 2845
2.61169e+06 2119
828669 1396
1.98416e+06 2846
15280.3 2120
156821 613
136.532 1397
5545.71 2121
1.18737e+06 2847
803249 2122
199038 1398
nan 614
1.05487e+06 2123
1.07897e+06 2848
2461.99 1399
2.5157e+06 2124
1.20207e+06 615
17117.9 1400
1.55342e+06 2849
1.97202e+06 2125
69827.7 1401
142505 616
733567 2850
822802 2126
1.62029e+06 1402
48938.6 617
623755 1403
10503 2127
514732 1404
711267 2128
0.499489 2129
485837 1405
1.05669e+06 1406
nan 2130
726779 618
783959 1407
299167 619
79645 2131
103734 1408
52068.4 2132
309228 620
85761.6 2133
401140 1409
1.77272e+06 2134
1.51424e+06 1410
0.999628 621
5.558e+06 2135
nan 1411
1.49408e+06 622
100932 2136
682936 1412
234818 2137
8.34134e+07 1413
26.6996 2138
1.05933e+06 1414
92249.1 2139
2.1628e+06 1415
6.15842e+06 623
2.08188e+06 1416
283557 1417
2.08815e+06 624
325096 1418
2.56397e+06 625
183720 1419
648548 1420
1.28815e+06 1421
6353.6 1422
nan 1423
242738 626
799242 1424
50994.3 627
156664 1425
20917.7 628
484123 1426
321098 629
697530 1427
2.84794e+06 1428
195334 630
7.44992e+06 631
51036.9 632
0.804622 633
58.9501 634
2.63693e+06 635
2.36171e+06 636
178889 637
2.21894e+06 638
197181 639
1.90874e+07 640
554002 641
342.547 642
641134 643
57651 644
3.17902e+06 645
2.66338e+06 646
324431 647
36449.5 648
1.12065e+06 649
7.90472e+06 650
411801 651
1.90585e+06 652
109777 653
321324 654
62377.3 655
756724 656
nan 657
1.91964 658
2670.14 659
1733.86 660
433996 661
326328 662
557551 663
1.19373e+06 664
1.41548e+06 665
1.16159e+06 666
7.59931e+06 667
6550.22 668
983321 669
1.03781e+06 670
46252.7 671
561978 672
2.54001e+06 673
29231.7 674
1.87347e+06 675
2.10851e+06 676
160751 677
nan 678
2039.41 679
0.511474 680
2.67463e+06 681
nan 682
304605 683
24473.4 684
1.36064e+06 685
7914.78 686
986661 687
1.14135e+06 688
256323 689
885.666 690
95488.1 691
3.03424e+06 692
326550 693
2.99777e+06 694
706676 695
542010 696
0.658965 697
2.74776e+06 698
15972.3 699
55826.5 700
466700 701
2.56489e+06 702
16323.2 703
114858 704
610303 705
1.22813 706
727868 707
nan 708
7.19759e+06 709
158779 710
1.87121e+06 711
0.954464 712
38225.4 713
464966 714
1.47476e+06 715
22541.8 716
1.25351e+06 717
