1 2000
6.68808e+08 7000
1 6000
0.502578 3000
6.78911e+09 0
6.58584e+09 4000
4.42508e+09 5000
1.05473e+10 1000
3.16339e+08 7001
1 2001
1.9076e+09 3001
1.46978e+09 1
1 4001
1.92696e+09 5001
1.05209e+10 6001
4.55392e+08 1001
1.80846e+09 7003
1.55984e+09 2003
1 3003
1.00826e+09 3
1 5003
1.64493e+10 4003
1.03957e+09 6003
1 1003
1.64595e+06 7006
1.7038e+09 2006
3.2686e+09 3006
8.29764e+08 6
1 5006
2.0166e+09 4006
4.64928e+09 6006
1 1006
3.17012e+09 7010
2.06966e+09 2010
1.41463e+09 3010
1.0078 10
1 5010
1.47756e+09 4010
9.13401e+08 6010
1.58247e+10 1010
2.61887e+09 2015
343267 15
1.78288e+09 3015
9.87662e+09 7015
3.45093e+08 4015
2.24111e+09 6015
8.1661e+09 5015
5.68119e+09 1015
1.7786e+09 2021
1.339e+09 21
1.74146e+09 3021
7.52522 7021
2.19712e+09 4021
1 6021
2.1544e+09 5021
1 1021
1.02021e+09 3028
1.24624e+09 7028
1.71777e+09 28
1.69067e+10 2028
612.85 4028
2.07404e+09 6028
8.34596e+09 5028
2.18387e+09 1028
21.483 7036
8.04717e+08 36
7.08745e+09 3036
4.57092e+09 2036
1.58972e+09 4036
4.56528e+10 6036
1 5036
0.5 1036
0.999997 7045
5.58579e+08 3045
1.43028e+09 4045
7.41658e+09 45
6.32495e+08 6045
1.01634e+10 2045
2.41386e+09 5045
2.52518e+09 1045
7.537e+08 7055
1 3055
3.65728e+08 4055
3.32155e+09 55
1.33317e+09 6055
2.81255e+09 5055
1.04071e+10 2055
2.5136e+09 1055
2.03436e+09 7066
4862.99 3066
1.74621e+09 4066
1.11913 6066
1.4513e+10 66
3.1184e+09 2066
1.48159e+09 1066
7.77142e+09 5066
3.50844e+09 78
1.85114e+09 91
2.04682e+09 105
1.94281e+09 120
