3937.13 78
5196.94 26
2862.17 0
7618.88 52
11578.3 13
5095.23 0
10425.5 39
7653.5 65
5594.76 26
2082.36 52
21931 78
5492.73 39
21770.1 0
16986.4 0
10440.1 13
3660.47 65
486.04 79
6818.94 27
4437.07 53
2098.99 14
20696.3 40
26223.9 1
18061.8 1
9277.94 66
2329.5 81
290.847 55
793.456 29
1.36592 42
4926.29 16
1836.82 3
2791.25 68
7513.77 3
6704.38 84
2970.1 58
1588.11 32
10098.4 19
3163.15 6
2933.26 45
15996.8 71
6333.34 6
2831.95 62
17045.9 88
6816.24 36
4883.72 23
5574.3 10
12666.5 10
7.51348 49
13446.1 75
3231.45 67
20482.6 93
812.764 15
10019.5 41
11260.4 28
0.999882 54
10816.1 15
9087.55 80
1842.69 99
27372.2 73
15035.4 21
1944.43 47
0.999757 60
14088.1 34
0.999989 21
16126 86
3833.53 106
2198.5 80
538.502 41
7099.05 28
13953 54
1411.51 67
7773.18 28
10484.7 93
8314 114
2328.98 88
38285.3 49
17897.2 36
4692.86 62
1763.47 36
20733.7 75
2046.19 101
1093.99 123
12422.8 97
197.548 45
6487.7 71
10111.8 58
23583.6 45
22013.5 84
18637 110
9491.46 133
16019.6 107
6416.37 81
4441.57 55
7827.32 68
4078.74 55
4552.7 120
15552.8 94
7882.38 66
6495.71 78
7275.03 91
1466.97 105
