4.8826e+07 2000
5.78047e+08 0
7.00192e+08 1000
3.58434e+09 4000
4.59332e+09 3000
3.80968e+09 6000
1.03558e+10 7000
1.03355e+10 5000
3.80625e+09 2000
1.06177e+09 0
1.79554e+09 1000
2.12776e+09 3000
1.29855e+10 6000
5.0653e+09 4000
5.75878e+09 7000
2.40044e+09 5000
4.14606e+09 1001
1.88999e+09 1
6.06501e+09 2001
1.2084e+09 3001
1.65804e+09 4001
2.04544e+09 6001
2.58542e+07 7001
5.76222e+09 5001
6.9668e+08 1003
4.84859e+08 3
1.99642e+09 2003
2.34377e+09 3003
3.71019e+09 6003
5.92795e+09 4003
1.83884e+09 5003
1.03321e+10 7003
2.45446e+09 1006
50398 3006
1.83497e+09 2006
2.63011e+09 6
1.71475e+10 4006
5.05424e+09 5006
9.98805e+09 6006
6.23973e+09 7006
1.18233e+09 3010
4.42592e+09 1010
9.61198e+08 10
3.11079e+09 2010
2.3017e+09 4010
1.14654e+09 5010
2.1098e+09 6010
2.07852e+09 7010
1.33982e+09 1015
1.75223e+09 2015
1.44512e+09 15
9.81287e+09 3015
5.60196e+08 5015
1.96785e+09 4015
1.3559e+09 6015
2.31686e+09 7015
189941 1021
2.94897e+07 21
3.48461e+09 2021
1.60117e+09 4021
1.05444e+10 3021
6.2888e+08 6021
5.669e+09 5021
7.48342e+08 7021
1.55691e+09 1028
1.94893e+09 2028
1.04788e+10 28
2.46819e+09 4028
3.6991e+09 3028
3.23003e+09 6028
2.39988e+09 5028
2.67142e+07 7028
3.59784e+07 1036
9.0039e+06 2036
2.98802e+09 36
1.93787e+09 4036
2.4711e+09 3036
2.64194e+09 7036
1.03209e+12 5036
1.03563e+10 6036
3.48889e+09 1045
4.50539e+08 2045
7.56547e+08 45
4.06697e+09 4045
1.94068e+09 3045
5.53098e+09 5045
4.28529e+09 6045
1.03604e+10 7045
5.34497e+10 2055
1.04131e+10 1055
6.31003e+07 55
6.98254e+08 4055
2.12873e+09 3055
2.14535e+09 5055
1.46702e+09 6055
6.20683e+08 7055
8.76205e+08 66
1.45071e+09 78
1.17883e+10 91
4.11132e+09 105
