1.87421e+09 13
1.76864e+09 26
1 78
1 0
12979 52
4.15715e+09 39
1 0
1.04516e+10 65
2.90929e+09 26
4.76001e+08 78
2.5941e+09 52
2.14048e+09 39
10764.2 0
8.27687e+09 13
1 65
8.63086e+09 0
8.89723e+08 27
1.69711e+09 79
1.30643e+07 1
2.35729e+09 14
2.04905e+09 53
3.68043e+11 40
1892.39 1
1.02729e+10 66
0.999998 81
1.73921e+09 29
4.26886e+08 3
1 55
1.02115e+09 16
1.21507e+09 42
2.56006e+08 3
1 68
8.35549e+07 84
1.84523e+09 32
6.84424e+08 6
3.89963e+08 19
1.91579e+09 58
1 6
8.2629e+06 71
3.35545e+09 45
2.76389e+09 36
3.71948e+08 23
1 10
2.77982e+09 62
1.03734e+10 88
6.03728e+08 10
5.06736e+08 49
2.44643e+09 75
4.20927e+09 28
8.02561e+08 15
1.70652e+09 67
1 93
1.00033e+10 41
1.49916e+09 15
4.29304e+08 54
1 80
2.94149e+09 34
1.56892e+09 21
8.24464e+08 47
8.15819e+09 73
2.37252e+09 99
1 21
1.70129e+09 60
1.03627e+10 86
7.60614e+08 41
5541.18 106
1.72436e+09 54
7.93295e+09 28
2.97429e+09 80
2.60036e+09 28
6.24274e+07 67
0.999997 93
1 49
2.43445e+09 114
1.53523e+09 62
2.25195e+09 36
8.87653e+08 88
1.08582e+09 36
1 101
5.70937e+09 75
1.8145e+09 58
2.47954e+09 71
1.29718e+09 45
1 123
2.52391e+09 97
2.74581e+09 45
1.37053e+09 110
1.33626e+09 84
7.98056e+08 68
783618 81
1.78745e+09 107
7.58307e+09 55
1.00454e+10 133
2.09089e+09 55
1 94
8.62044e+09 120
2.87685e+08 66
1 78
1.8855e+09 91
8.43741e+08 105
