2 1 sig 1.17654e+11 881357
0 sig
1 sig
2 sig
3 sig
4 sig
5 sig
6 sig
7 sig
8 sig
9 sig
10 sig
11 sig
12 sig
13 sig
14 sig
15 sig
16 sig
17 sig
18 sig
19 sig
20 sig
21 sig
22 sig
23 sig
24 sig
25 sig
26 sig
27 sig
28 sig
29 sig
30 sig
31 sig
32 sig
33 sig
34 sig
35 sig
36 sig
37 sig
38 sig
39 sig
40 sig
41 sig
42 sig
43 sig
44 sig
45 sig
46 sig
47 sig
48 sig
49 sig
50 sig
51 sig
52 sig
53 sig
1 4 -8768.81
1 5 8752.08
1 6 -8749.32
1 7 8767.3
1 8 8737.57
1 9 8748.4
1 10 -8774.16
1 11 -8745.41
1 12 -8747.08
1 13 8753.62
2 4 8770.17
2 5 -8752.82
2 6 -8752.39
2 7 8765.94
2 8 -8738.34
2 9 -8749.13
2 10 8775.29
2 11 -8748.48
2 12 -8750.16
2 13 8752.26
3 4 -0.359052
3 5 0.940197
3 6 8751.58
3 7 -8764.48
3 8 0.958456
3 9 0.938473
3 10 -0.230251
3 11 8747.65
3 12 8749.34
3 13 -8750.79
4 14 -8596.5
4 15 8622.61
4 16 8618.18
4 17 -8600.15
4 18 8632.84
4 19 8617.43
4 20 -8594.87
4 21 8617.36
4 22 -8598.33
4 23 -8598.39
5 14 -8595.95
5 15 8607.61
5 16 8604.57
5 17 -8600.4
5 18 8609.22
5 19 8599.62
5 20 -8594.19
5 21 8601.25
5 22 -8597.62
5 23 -8599.1
6 14 3443.39
6 15 -8656.19
6 16 -8652.06
6 17 3447.14
6 18 -8658.26
6 19 -8649.75
6 20 3448.47
6 21 -8650.54
6 22 3446.99
6 23 3444.08
7 14 8618.83
7 15 -8702.35
7 16 -8696.36
7 17 8622.9
7 18 -8707.12
7 19 -8695.75
7 20 8617.75
7 21 -8697.27
7 22 8621.69
7 23 8622.32
8 14 -8587.47
8 15 8597.36
8 16 8595.85
8 17 -8592.14
8 18 8597.06
8 19 8590.21
8 20 -8586.51
8 21 8592.35
8 22 -8590.29
8 23 -8589.66
9 14 -8599.11
9 15 8609.04
9 16 8605.44
9 17 -8604.06
9 18 8610.83
9 19 8603.46
9 20 -8595.57
9 21 8604.66
9 22 -8601.53
9 23 -8601.83
10 14 -8603.19
10 15 8630.47
10 16 8624.05
10 17 -8607.94
10 18 8642.41
10 19 8625.58
10 20 -8600.61
10 21 8626
10 22 -8605.48
10 23 -8606.5
11 14 3589.16
11 15 -8649.09
11 16 -8645.01
11 17 3593.7
11 18 -8654.32
11 19 -8643.4
11 20 3578.05
11 21 -8644.55
11 22 3585.98
11 23 3591.43
12 14 3480.8
12 15 -8652.74
12 16 -8649.56
12 17 3482.09
12 18 -8654.69
12 19 -8646.53
12 20 3474.67
12 21 -8647.85
12 22 3477.7
12 23 3480.66
13 14 8617.77
13 15 -8699.78
13 16 -8695.51
13 17 8620.86
13 18 -8705.06
13 19 -8694.25
13 20 8617.09
13 21 -8695.04
13 22 8620.39
13 23 8619.58
14 24 730.953
14 25 724.614
14 26 676.539
14 27 744.939
14 28 -583.017
14 29 596.032
14 30 702.587
14 31 662.718
14 32 710.97
14 33 -562.567
15 24 -3195.19
15 25 -3166.62
15 26 -3007.2
15 27 -3243.02
15 28 2035.43
15 29 -2693.58
15 30 -3092.54
15 31 -2952.47
15 32 -3127.6
15 33 1963.14
16 24 -3199.77
16 25 -3170.49
16 26 -3011.22
16 27 -3248.08
16 28 2041.43
16 29 -2698.03
16 30 -3097.15
16 31 -2955.77
16 32 -3132.45
16 33 1967.38
17 24 730.5
17 25 726.142
17 26 677.822
17 27 745.765
17 28 -584.688
17 29 597.028
17 30 702.005
17 31 662.417
17 32 711.613
17 33 -561.83
18 24 -3191.72
18 25 -3162.97
18 26 -3003.61
18 27 -3239.7
18 28 2032.17
18 29 -2690.43
18 30 -3089.08
18 31 -2948.29
18 32 -3124.61
18 33 1957.76
19 24 -3205.2
19 25 -3174.65
19 26 -3016.16
19 27 -3253.09
19 28 2047.88
19 29 -2702.94
19 30 -3100.78
19 31 -2961.9
19 32 -3137.91
19 33 1971.93
20 24 686.81
20 25 681.977
20 26 634.934
20 27 700.776
20 28 -541.561
20 29 559.286
20 30 659.158
20 31 621.561
20 32 668.943
20 33 -529.497
21 24 -3202.74
21 25 -3172.92
21 26 -3014.52
21 27 -3250.32
21 28 2045.92
21 29 -2700.55
21 30 -3098.99
21 31 -2958.4
21 32 -3134.21
21 33 1969.36
22 24 709.842
22 25 704.532
22 26 655.735
22 27 724.674
22 28 -562.663
22 29 578.434
22 30 682.407
22 31 641.883
22 32 690.992
22 33 -546.746
23 24 727.08
23 25 720.978
23 26 673.98
23 27 743.185
23 28 -580.928
23 29 593.083
23 30 698.929
23 31 660.087
23 32 709.364
23 33 -559.591
24 34 -125.985
24 35 117.547
24 36 -138.945
24 37 -126.729
24 38 108.559
24 39 140.434
24 40 115.452
24 41 -106.472
24 42 110.314
24 43 -127.006
25 34 -124.178
25 35 115.186
25 36 -141.955
25 37 -123.417
25 38 106.702
25 39 137.719
25 40 112.478
25 41 -102.22
25 42 108.005
25 43 -123.107
26 34 -110.925
26 35 105.375
26 36 -125.87
26 37 -113.804
26 38 94.8527
26 39 128.59
26 40 103.121
26 41 -92.8094
26 42 98.903
26 43 -114.374
27 34 -126.77
27 35 122.704
27 36 -133.628
27 37 -130.275
27 38 108.064
27 39 143.496
27 40 121.964
27 41 -111.044
27 42 116.077
27 43 -131.092
28 34 60.0523
28 35 -76.3294
28 36 107.864
28 37 59.6403
28 38 -67.7196
28 39 -106.505
28 40 -75.8057
28 41 41.873
28 42 -68.7124
28 43 58.4223
29 34 -93.7616
29 35 82.6044
29 36 -123.394
29 37 -94.4179
29 38 77.8593
29 39 110.861
29 40 80.478
29 41 -69.4607
29 42 77.5874
29 43 -92.9186
30 34 -117.615
30 35 110.052
30 36 -129.757
30 37 -118.909
30 38 100.326
30 39 134.624
30 40 109.53
30 41 -98.9474
30 42 103.21
30 43 -119.56
31 34 -109.281
31 35 99.2918
31 36 -133.003
31 37 -108.675
31 38 93.2596
31 39 125.204
31 40 97.4292
31 41 -87.3457
31 42 93.955
31 43 -109.813
32 34 -121.238
32 35 113.048
32 36 -134.469
32 37 -120.867
32 38 102.988
32 39 135.953
32 40 111.381
32 41 -100.525
32 42 106.649
32 43 -120.961
33 34 54.2543
33 35 -71.8321
33 36 102.203
33 37 53.918
33 38 -63.6002
33 39 -101.56
33 40 -70.8658
33 41 37.7886
33 42 -64.558
33 43 53.928
34 44 11.6672
34 45 -11.5693
34 46 -10.677
34 47 9.61384
34 48 -15.0282
34 49 -19.7874
34 50 9.45387
34 51 10.4476
34 52 -12.0944
34 53 10.2691
35 44 -14.786
35 45 9.86815
35 46 11.0274
35 47 -10.6588
35 48 16.0366
35 49 17.8834
35 50 -12.4934
35 51 -13.83
35 52 12.175
35 53 -11.5258
36 44 8.46929
36 45 -7.91883
36 46 -8.38008
36 47 5.45823
36 48 -12.439
36 49 -15.7282
36 50 5.59577
36 51 6.89196
36 52 -10.2463
36 53 6.14605
37 44 11.7856
37 45 -10.392
37 46 -10.2902
37 47 9.40873
37 48 -14.4254
37 49 -17.3282
37 50 10.4458
37 51 10.1276
37 52 -10.985
37 53 9.12302
38 44 -12.197
38 45 6.9017
38 46 7.35898
38 47 -7.84599
38 48 10.6138
38 49 12.3947
38 50 -8.45466
38 51 -9.3201
38 52 8.16408
38 53 -9.12511
39 44 -21.7799
39 45 12.228
39 46 13.3314
39 47 -14.0958
39 48 18.2881
39 49 22.6017
39 50 -16.6371
39 51 -17.3214
39 52 14.0213
39 53 -14.3003
40 44 -14.437
40 45 10.5887
40 46 10.6235
40 47 -12.2173
40 48 16.2961
40 49 17.902
40 50 -14.3776
40 51 -13.0632
40 52 12.8307
40 53 -13.5937
41 44 9.2668
41 45 -9.27325
41 46 -8.68049
41 47 7.41959
41 48 -11.1106
41 49 -14.0261
41 50 7.89157
41 51 9.3857
41 52 -9.64247
41 53 8.10286
42 44 -12.5146
42 45 8.79538
42 46 8.42399
42 47 -8.48852
42 48 13.3589
42 49 14.8883
42 50 -11.1335
42 51 -10.4753
42 52 9.92398
42 53 -10.9161
43 44 11.0202
43 45 -10.9486
43 46 -10.513
43 47 9.2443
43 48 -15.5952
43 49 -17.6457
43 50 10.131
43 51 10.1874
43 52 -11.6625
43 53 9.34196
44 0 -6.52381
45 0 6.4362
46 0 5.38086
47 0 -4.66542
48 0 4.72689
49 0 4.99857
50 0 -5.71318
51 0 -4.66947
52 0 5.3043
53 0 -5.51473

