12 24
9 26
11 31
11 25
14 38
9 26
12 32
9 21
11 31
11 25
14 38
12 32
11 31
9 21
11 22
11 25
14 38
12 32
9 21
11 25
11 22
14 44
14 38
12 32
9 21
11 22
14 38
14 44
7 15
12 32
9 21
11 22
14 44
12 32
7 15
9 30
9 21
11 22
14 44
7 15
9 21
9 30
10 22
11 22
14 44
7 15
9 30
11 22
10 22
7 16
14 44
7 15
9 30
10 22
14 44
7 16
10 22
7 15
9 30
10 22
7 16
7 15
10 22
7 17
9 30
10 22
7 16
10 22
9 30
7 17
9 15
10 22
7 16
10 22
7 17
10 22
9 15
10 24
7 16
10 22
7 17
9 15
7 16
10 24
10 30
10 22
7 17
9 15
10 24
10 22
10 30
9 23
7 17
9 15
10 24
10 30
7 17
9 23
11 28
9 15
10 24
10 30
9 23
9 15
11 28
11 20
10 24
10 30
9 23
11 28
10 24
11 20
15 36
10 30
9 23
11 28
11 20
10 30
15 36
10 27
9 23
11 28
11 20
15 36
9 23
10 27
13 39
11 28
11 20
15 36
10 27
11 28
13 39
12 36
11 20
15 36
10 27
13 39
11 20
12 36
12 30
15 36
10 27
13 39
12 36
15 36
12 30
12 22
10 27
13 39
12 36
12 30
10 27
12 22
11 24
13 39
12 36
12 30
12 22
13 39
11 24
12 31
12 36
12 30
12 22
11 24
12 36
12 31
9 17
12 30
12 22
11 24
12 31
12 30
9 17
11 25
12 22
11 24
12 31
9 17
12 22
11 25
14 32
11 24
12 31
9 17
11 25
11 24
14 32
11 27
12 31
9 17
11 25
14 32
12 31
11 27
10 22
9 17
11 25
14 32
11 27
9 17
10 22
8 19
11 25
14 32
11 27
10 22
11 25
8 19
13 26
14 32
11 27
10 22
8 19
14 32
13 26
15 24
11 27
10 22
8 19
13 26
11 27
15 24
9 23
10 22
8 19
13 26
15 24
10 22
9 23
14 29
8 19
13 26
15 24
9 23
8 19
14 29
11 27
13 26
15 24
9 23
14 29
13 26
11 27
7 14
15 24
9 23
14 29
11 27
15 24
7 14
19 36
9 23
14 29
11 27
7 14
9 23
19 36
15 29
14 29
11 27
7 14
19 36
14 29
15 29
17 34
11 27
7 14
19 36
15 29
11 27
17 34
12 37
7 14
19 36
15 29
17 34
7 14
12 37
14 41
19 36
15 29
17 34
12 37
19 36
14 41
10 21
15 29
17 34
12 37
14 41
15 29
10 21
8 17
17 34
12 37
14 41
10 21
17 34
8 17
13 36
12 37
14 41
10 21
8 17
12 37
13 36
11 29
14 41
10 21
8 17
13 36
14 41
11 29
9 21
10 21
8 17
13 36
11 29
10 21
9 21
11 22
8 17
13 36
11 29
9 21
8 17
11 22
11 26
13 36
11 29
9 21
11 22
13 36
11 26
9 24
11 29
9 21
11 22
11 26
11 29
9 24
7 16
9 21
11 22
11 26
9 24
9 21
7 16
14 46
11 22
11 26
9 24
7 16
11 22
14 46
8 17
11 26
9 24
7 16
14 46
11 26
8 17
10 19
9 24
7 16
14 46
8 17
9 24
10 19
10 27
7 16
14 46
8 17
10 19
7 16
10 27
8 18
14 46
8 17
10 19
10 27
14 46
8 18
13 29
8 17
10 19
10 27
8 18
8 17
13 29
7 17
10 19
10 27
8 18
13 29
10 19
7 17
10 22
10 27
8 18
13 29
7 17
10 27
10 22
10 26
8 18
13 29
7 17
10 22
8 18
10 26
12 26
13 29
7 17
10 22
10 26
13 29
12 26
8 17
7 17
10 22
10 26
12 26
7 17
8 17
9 23
10 22
10 26
12 26
8 17
10 22
9 23
12 28
10 26
12 26
8 17
9 23
10 26
12 28
8 22
12 26
8 17
9 23
12 28
12 26
8 22
13 26
8 17
9 23
12 28
8 22
8 17
13 26
14 41
9 23
12 28
8 22
13 26
9 23
14 41
11 24
12 28
8 22
13 26
14 41
12 28
11 24
16 36
8 22
13 26
14 41
11 24
8 22
16 36
9 16
13 26
14 41
11 24
16 36
13 26
9 16
14 33
14 41
11 24
16 36
9 16
14 41
14 33
12 23
11 24
16 36
9 16
14 33
11 24
12 23
9 20
16 36
9 16
14 33
12 23
16 36
9 20
12 34
9 16
14 33
12 23
9 20
9 16
12 34
12 36
14 33
12 23
9 20
12 34
14 33
12 36
9 18
12 23
9 20
12 34
12 36
12 23
9 18
14 30
9 20
12 34
12 36
9 18
9 20
14 30
10 24
12 34
12 36
9 18
14 30
12 34
10 24
9 17
12 36
9 18
14 30
10 24
12 36
9 17
14 48
9 18
14 30
10 24
9 17
9 18
14 48
10 20
14 30
10 24
9 17
14 48
14 30
10 20
14 38
10 24
9 17
14 48
10 20
10 24
14 38
10 24
9 17
14 48
10 20
14 38
9 17
10 24
8 19
14 48
10 20
14 38
10 24
14 48
8 19
9 20
10 20
14 38
10 24
8 19
10 20
9 20
10 31
14 38
10 24
8 19
9 20
14 38
10 31
12 35
10 24
8 19
9 20
10 31
10 24
12 35
9 22
8 19
9 20
10 31
12 35
8 19
9 22
10 23
9 20
10 31
12 35
9 22
9 20
10 23
15 35
10 31
12 35
9 22
10 23
10 31
15 35
14 30
12 35
9 22
10 23
15 35
12 35
14 30
11 23
9 22
10 23
15 35
14 30
9 22
11 23
8 19
10 23
15 35
14 30
11 23
10 23
8 19
9 24
15 35
14 30
11 23
8 19
15 35
9 24
8 13
14 30
11 23
8 19
9 24
14 30
8 13
14 21
11 23
8 19
9 24
8 13
11 23
14 21
7 15
8 19
9 24
8 13
14 21
8 19
7 15
12 30
9 24
8 13
14 21
7 15
9 24
12 30
13 27
8 13
14 21
7 15
12 30
8 13
13 27
14 36
14 21
7 15
12 30
13 27
14 21
14 36
10 23
7 15
12 30
13 27
14 36
7 15
10 23
9 27
12 30
13 27
14 36
10 23
12 30
9 27
14 30
13 27
14 36
10 23
9 27
13 27
14 30
8 18
14 36
10 23
9 27
14 30
14 36
8 18
12 31
10 23
9 27
14 30
8 18
10 23
12 31
12 33
9 27
14 30
8 18
12 31
9 27
12 33
11 23
14 30
8 18
12 31
12 33
14 30
11 23
9 19
8 18
12 31
12 33
11 23
8 18
9 19
8 19
12 31
12 33
11 23
9 19
12 31
8 19
9 20
12 33
11 23
9 19
8 19
12 33
9 20
12 30
11 23
9 19
8 19
9 20
11 23
12 30
10 24
9 19
8 19
9 20
12 30
9 19
10 24
10 24
8 19
9 20
12 30
10 24
8 19
10 24
7 13
9 20
12 30
10 24
10 24
9 20
7 13
10 22
12 30
10 24
10 24
7 13
12 30
10 22
9 22
10 24
10 24
7 13
10 22
10 24
9 22
13 37
10 24
7 13
10 22
9 22
10 24
13 37
9 25
7 13
10 22
9 22
13 37
7 13
9 25
9 23
10 22
9 22
13 37
9 25
10 22
9 23
13 28
9 22
13 37
9 25
9 23
9 22
13 28
13 41
13 37
9 25
9 23
13 28
13 37
13 41
6 12
9 25
9 23
13 28
13 41
9 25
6 12
8 17
9 23
13 28
13 41
6 12
9 23
8 17
10 19
13 28
13 41
6 12
8 17
13 28
10 19
8 20
13 41
6 12
8 17
10 19
13 41
8 20
11 26
6 12
8 17
10 19
8 20
6 12
11 26
10 22
8 17
10 19
8 20
11 26
8 17
10 22
16 41
10 19
8 20
11 26
10 22
10 19
16 41
10 25
8 20
11 26
10 22
16 41
8 20
10 25
11 27
11 26
10 22
16 41
10 25
11 26
11 27
8 19
10 22
16 41
10 25
11 27
10 22
8 19
8 17
16 41
10 25
11 27
8 19
16 41
8 17
15 33
10 25
11 27
8 19
8 17
10 25
15 33
15 23
11 27
8 19
8 17
15 33
11 27
15 23
9 20
8 19
8 17
15 33
15 23
8 19
9 20
12 30
8 17
15 33
15 23
9 20
8 17
12 30
10 22
15 33
15 23
9 20
12 30
15 33
10 22
11 23
15 23
9 20
12 30
10 22
15 23
11 23
9 25
9 20
12 30
10 22
11 23
9 20
9 25
9 27
12 30
10 22
11 23
9 25
12 30
9 27
18 44
10 22
11 23
9 25
9 27
10 22
18 44
14 25
11 23
9 25
9 27
18 44
11 23
14 25
11 26
9 25
9 27
18 44
14 25
9 25
11 26
18 42
9 27
18 44
14 25
11 26
9 27
18 42
13 44
18 44
14 25
11 26
18 42
18 44
13 44
9 22
14 25
11 26
18 42
13 44
14 25
9 22
11 24
11 26
18 42
13 44
9 22
11 26
11 24
18 42
18 42
13 44
9 22
11 24
18 42
18 42
13 31
13 44
9 22
11 24
18 42
13 44
13 31
13 25
9 22
11 24
18 42
13 31
9 22
13 25
14 31
11 24
18 42
13 31
13 25
11 24
14 31
13 31
18 42
13 31
13 25
14 31
18 42
13 31
7 14
13 31
13 25
14 31
13 31
13 31
7 14
10 24
13 25
14 31
13 31
7 14
13 25
10 24
12 26
14 31
13 31
7 14
10 24
14 31
12 26
9 16
13 31
7 14
10 24
12 26
13 31
9 16
15 32
7 14
10 24
12 26
9 16
7 14
15 32
13 32
10 24
12 26
9 16
15 32
10 24
13 32
8 19
12 26
9 16
15 32
13 32
12 26
8 19
9 19
9 16
15 32
13 32
8 19
9 16
9 19
13 26
15 32
13 32
8 19
9 19
15 32
13 26
8 19
13 32
8 19
9 19
13 26
13 32
8 19
12 30
8 19
9 19
13 26
8 19
8 19
12 30
9 19
9 19
13 26
8 19
12 30
9 19
9 19
8 19
13 26
8 19
12 30
9 19
13 26
8 19
9 26
8 19
12 30
9 19
8 19
8 19
9 26
10 26
12 30
9 19
8 19
9 26
12 30
10 26
13 32
9 19
8 19
9 26
10 26
9 19
13 32
11 24
8 19
9 26
10 26
13 32
8 19
11 24
9 26
9 26
10 26
13 32
11 24
9 26
9 26
14 30
10 26
13 32
11 24
9 26
10 26
14 30
7 16
13 32
11 24
9 26
14 30
13 32
7 16
11 26
11 24
9 26
14 30
7 16
11 24
11 26
11 17
9 26
14 30
7 16
11 26
9 26
11 17
13 31
14 30
7 16
11 26
11 17
14 30
13 31
13 29
7 16
11 26
11 17
13 31
7 16
13 29
8 22
11 26
11 17
13 31
13 29
11 26
8 22
16 34
11 17
13 31
13 29
8 22
11 17
16 34
11 19
13 31
13 29
8 22
16 34
13 31
11 19
15 43
13 29
8 22
16 34
11 19
13 29
15 43
8 17
8 22
16 34
11 19
15 43
8 22
8 17
10 15
16 34
11 19
15 43
8 17
16 34
10 15
16 32
11 19
15 43
8 17
10 15
11 19
16 32
10 22
15 43
8 17
10 15
16 32
15 43
10 22
8 22
8 17
10 15
16 32
10 22
8 17
8 22
11 22
10 15
16 32
10 22
8 22
10 15
11 22
12 39
16 32
10 22
8 22
11 22
16 32
12 39
9 23
10 22
8 22
11 22
12 39
10 22
9 23
14 25
8 22
11 22
12 39
9 23
8 22
14 25
7 14
11 22
12 39
9 23
14 25
11 22
7 14
11 31
12 39
9 23
14 25
7 14
12 39
11 31
9 22
9 23
14 25
7 14
11 31
9 23
9 22
12 32
14 25
7 14
11 31
9 22
14 25
12 32
11 24
7 14
11 31
9 22
12 32
7 14
11 24
14 29
11 31
9 22
12 32
11 24
11 31
14 29
8 21
9 22
12 32
11 24
14 29
9 22
8 21
21 40
12 32
11 24
14 29
8 21
12 32
21 40
12 31
11 24
14 29
8 21
21 40
11 24
12 31
12 25
14 29
8 21
21 40
12 31
14 29
12 25
10 22
8 21
21 40
12 31
12 25
8 21
10 22
13 45
21 40
12 31
12 25
10 22
21 40
13 45
9 14
12 31
12 25
10 22
13 45
12 31
9 14
13 31
12 25
10 22
13 45
9 14
12 25
13 31
12 33
10 22
13 45
9 14
13 31
10 22
12 33
9 25
13 45
9 14
13 31
12 33
13 45
9 25
13 39
9 14
13 31
12 33
9 25
9 14
13 39
12 24
13 31
12 33
9 25
13 39
13 31
12 24
18 43
12 33
9 25
13 39
12 24
12 33
18 43
14 36
9 25
13 39
12 24
18 43
9 25
14 36
9 16
13 39
12 24
18 43
14 36
13 39
9 16
11 29
12 24
18 43
14 36
9 16
12 24
11 29
10 28
18 43
14 36
9 16
11 29
18 43
10 28
8 15
14 36
9 16
11 29
10 28
14 36
8 15
8 23
9 16
11 29
10 28
8 15
9 16
8 23
7 17
11 29
10 28
8 15
8 23
11 29
7 17
13 27
10 28
8 15
8 23
7 17
10 28
8 15
10 15
8 15
8 23
7 17
13 27
13 27
8 23
8 16
8 23
7 17
13 27
10 15
10 15
7 17
12 25
7 17
13 27
10 15
8 16
8 16
13 27
13 26
13 27
10 15
8 16
12 25
12 25
10 15
10 27
10 15
8 16
12 25
13 26
13 26
8 16
10 25
8 16
12 25
13 26
10 27
10 27
12 25
14 29
12 25
13 26
10 27
10 25
10 25
13 26
10 21
13 26
10 27
10 25
14 29
14 29
10 27
10 28
10 27
10 25
14 29
10 21
10 21
10 25
20 44
10 25
14 29
10 21
10 28
10 28
14 29
9 16
14 29
10 21
10 28
20 44
20 44
10 21
10 22
10 21
10 28
20 44
9 16
9 16
10 28
10 20
10 28
20 44
9 16
10 22
10 22
20 44
10 28
20 44
9 16
10 22
10 20
10 20
9 16
9 27
9 16
10 22
10 20
10 28
10 28
10 22
11 27
10 22
10 20
10 28
9 27
9 27
10 20
11 27
10 20
10 28
9 27
11 27
11 27
10 28
16 38
10 28
9 27
11 27
11 27
11 27
9 27
14 30
9 27
11 27
11 27
16 38
16 38
11 27
10 21
11 27
11 27
16 38
14 30
14 30
11 27
8 15
11 27
16 38
14 30
10 21
10 21
16 38
11 20
16 38
14 30
10 21
8 15
8 15
14 30
16 37
14 30
10 21
8 15
11 20
11 20
10 21
9 15
10 21
8 15
11 20
16 37
16 37
8 15
9 15
8 15
11 20
16 37
9 15
9 15
11 20
12 32
11 20
16 37
9 15
9 15
9 15
16 37
15 37
16 37
9 15
9 15
12 32
12 32
9 15
8 18
9 15
9 15
12 32
15 37
15 37
9 15
15 41
9 15
12 32
15 37
8 18
8 18
12 32
12 32
12 32
15 37
8 18
15 41
15 41
15 37
10 19
15 37
8 18
15 41
12 32
12 32
8 18
11 32
8 18
15 41
12 32
10 19
10 19
15 41
11 27
15 41
12 32
10 19
11 32
11 32
12 32
14 29
12 32
10 19
11 32
11 27
11 27
10 19
7 14
10 19
11 32
11 27
14 29
14 29
11 32
9 18
11 32
11 27
14 29
7 14
7 14
11 27
10 17
11 27
14 29
7 14
9 18
9 18
14 29
18 39
14 29
7 14
9 18
10 17
10 17
7 14
11 25
7 14
9 18
10 17
18 39
18 39
9 18
7 16
9 18
10 17
18 39
11 25
11 25
10 17
9 17
10 17
18 39
11 25
7 16
7 16
18 39
11 32
18 39
11 25
7 16
9 17
9 17
11 25
11 27
11 25
7 16
9 17
11 32
11 32
7 16
7 15
7 16
9 17
11 32
11 27
11 27
9 17
12 37
9 17
11 32
11 27
7 15
7 15
11 32
15 33
11 32
11 27
7 15
12 37
12 37
11 27
12 21
11 27
7 15
12 37
15 33
15 33
7 15
8 17
7 15
12 37
15 33
12 21
12 21
12 37
11 39
12 37
15 33
12 21
8 17
8 17
15 33
7 14
15 33
12 21
8 17
11 39
11 39
12 21
7 17
12 21
8 17
11 39
7 14
7 14
8 17
11 25
8 17
11 39
7 14
7 17
7 17
11 39
10 24
11 39
7 14
7 17
11 25
11 25
7 14
14 30
7 14
7 17
11 25
10 24
10 24
7 17
14 39
7 17
11 25
10 24
14 30
14 30
11 25
7 13
11 25
10 24
14 30
14 39
14 39
10 24
13 19
10 24
14 30
14 39
7 13
7 13
14 30
9 19
14 30
14 39
7 13
13 19
13 19
14 39
14 30
14 39
7 13
13 19
9 19
9 19
7 13
9 19
7 13
13 19
9 19
14 30
14 30
13 19
9 19
13 19
9 19
14 30
9 19
9 19
9 19
10 26
9 19
14 30
9 19
9 19
9 19
14 30
13 41
14 30
9 19
9 19
10 26
10 26
9 19
10 20
9 19
9 19
10 26
13 41
13 41
9 19
15 24
9 19
10 26
13 41
10 20
10 20
10 26
9 22
10 26
13 41
10 20
15 24
15 24
13 41
11 19
13 41
10 20
15 24
9 22
9 22
10 20
10 23
10 20
15 24
9 22
11 19
11 19
15 24
13 26
15 24
9 22
11 19
10 23
10 23
9 22
11 30
9 22
11 19
10 23
13 26
13 26
11 19
14 30
11 19
10 23
13 26
11 30
11 30
10 23
10 19
10 23
13 26
11 30
14 30
14 30
13 26
10 18
13 26
11 30
14 30
10 19
10 19
11 30
8 19
11 30
14 30
10 19
10 18
10 18
14 30
10 23
14 30
10 19
10 18
8 19
8 19
10 19
12 29
10 19
10 18
8 19
10 23
10 23
10 18
12 23
10 18
8 19
10 23
12 29
12 29
8 19
13 34
8 19
10 23
12 29
12 23
12 23
10 23
8 17
10 23
12 29
12 23
13 34
13 34
12 29
13 34
12 29
12 23
13 34
8 17
8 17
12 23
10 25
12 23
13 34
8 17
13 34
13 34
13 34
10 29
13 34
8 17
13 34
10 25
10 25
8 17
11 33
8 17
13 34
10 25
10 29
10 29
13 34
8 18
13 34
10 25
10 29
11 33
11 33
10 25
15 37
10 25
10 29
11 33
8 18
8 18
10 29
9 24
10 29
11 33
8 18
15 37
15 37
11 33
12 28
11 33
8 18
15 37
9 24
9 24
8 18
9 22
8 18
15 37
9 24
12 28
12 28
15 37
9 26
15 37
9 24
12 28
9 22
9 22
9 24
13 25
9 24
12 28
9 22
9 26
9 26
12 28
8 17
12 28
9 22
9 26
13 25
13 25
9 22
13 37
9 22
9 26
13 25
8 17
8 17
9 26
9 23
9 26
13 25
8 17
13 37
13 37
13 25
14 29
13 25
8 17
13 37
9 23
9 23
8 17
15 35
8 17
13 37
9 23
14 29
14 29
13 37
13 31
13 37
9 23
14 29
15 35
15 35
9 23
14 40
9 23
14 29
15 35
13 31
13 31
14 29
10 32
14 29
15 35
13 31
14 40
14 40
15 35
9 21
15 35
13 31
14 40
10 32
10 32
13 31
13 38
13 31
14 40
10 32
9 21
9 21
14 40
8 17
14 40
10 32
9 21
13 38
13 38
10 32
7 14
10 32
9 21
13 38
8 17
8 17
9 21
8 17
9 21
13 38
8 17
7 14
7 14
13 38
9 18
13 38
8 17
7 14
8 17
8 17
8 17
14 33
8 17
7 14
8 17
9 18
9 18
7 14
8 15
7 14
8 17
9 18
14 33
14 33
8 17
8 24
8 17
9 18
14 33
8 15
8 15
9 18
11 30
9 18
14 33
8 15
8 24
8 24
14 33
11 28
14 33
8 15
8 24
11 30
11 30
8 15
12 33
8 15
8 24
11 30
11 28
11 28
8 24
8 21
8 24
11 30
11 28
12 33
12 33
11 30
7 17
11 30
11 28
12 33
8 21
8 21
11 28
15 24
11 28
12 33
8 21
7 17
7 17
12 33
11 30
12 33
8 21
7 17
15 24
15 24
8 21
10 31
8 21
7 17
15 24
11 30
11 30
7 17
11 22
7 17
15 24
11 30
10 31
10 31
15 24
12 29
15 24
11 30
10 31
11 22
11 22
11 30
13 38
11 30
10 31
11 22
12 29
12 29
10 31
12 29
10 31
11 22
12 29
13 38
13 38
11 22
10 21
11 22
12 29
13 38
12 29
12 29
12 29
11 24
12 29
13 38
12 29
10 21
10 21
13 38
8 16
13 38
12 29
10 21
11 24
11 24
12 29
13 36
12 29
10 21
11 24
8 16
8 16
10 21
15 29
10 21
11 24
8 16
13 36
13 36
11 24
8 18
11 24
8 16
13 36
15 29
15 29
8 16
12 29
8 16
13 36
15 29
8 18
8 18
13 36
14 26
13 36
15 29
8 18
12 29
12 29
15 29
9 24
15 29
8 18
12 29
14 26
14 26
8 18
9 19
8 18
12 29
14 26
9 24
9 24
12 29
17 36
12 29
14 26
9 24
9 19
9 19
14 26
9 25
14 26
9 24
9 19
17 36
17 36
9 24
11 25
9 24
9 19
17 36
9 25
9 25
9 19
12 35
9 19
17 36
9 25
11 25
11 25
17 36
8 21
17 36
9 25
11 25
12 35
12 35
9 25
8 20
9 25
11 25
12 35
8 21
8 21
11 25
11 21
11 25
12 35
8 21
8 20
8 20
12 35
16 36
12 35
8 21
8 20
11 21
11 21
8 21
13 27
8 21
8 20
11 21
16 36
16 36
8 20
14 29
8 20
11 21
16 36
13 27
13 27
11 21
11 25
11 21
16 36
13 27
14 29
14 29
16 36
12 33
16 36
13 27
14 29
11 25
11 25
13 27
11 22
13 27
14 29
11 25
12 33
12 33
14 29
8 19
14 29
11 25
12 33
11 22
11 22
11 25
11 23
11 25
12 33
11 22
8 19
8 19
12 33
8 20
12 33
11 22
8 19
11 23
11 23
11 22
11 33
11 22
8 19
11 23
8 20
8 20
8 19
12 23
8 19
11 23
8 20
11 33
11 33
11 23
8 20
11 23
8 20
11 33
12 23
12 23
8 20
7 13
8 20
11 33
12 23
8 20
8 20
11 33
10 24
11 33
12 23
8 20
7 13
7 13
12 23
13 36
12 23
8 20
7 13
10 24
10 24
8 20
8 14
8 20
7 13
10 24
13 36
13 36
7 13
7 14
7 13
10 24
13 36
8 14
8 14
10 24
11 21
10 24
13 36
8 14
7 14
7 14
13 36
13 31
13 36
8 14
7 14
11 21
11 21
8 14
9 20
8 14
7 14
11 21
13 31
13 31
7 14
10 20
7 14
11 21
13 31
9 20
9 20
11 21
11 24
11 21
13 31
9 20
10 20
10 20
13 31
12 28
13 31
9 20
10 20
11 24
11 24
9 20
9 17
9 20
10 20
11 24
12 28
12 28
10 20
8 17
10 20
11 24
12 28
9 17
9 17
11 24
9 17
11 24
12 28
9 17
8 17
8 17
12 28
12 34
12 28
9 17
8 17
9 17
9 17
9 17
9 23
9 17
8 17
9 17
12 34
12 34
8 17
10 28
8 17
9 17
12 34
9 23
9 23
9 17
17 35
9 17
12 34
9 23
10 28
10 28
12 34
13 40
12 34
9 23
10 28
17 35
17 35
9 23
13 29
9 23
10 28
17 35
13 40
13 40
10 28
8 21
10 28
17 35
13 40
13 29
13 29
17 35
8 15
17 35
13 40
13 29
8 21
8 21
13 40
11 31
13 40
13 29
8 21
8 15
8 15
13 29
12 28
13 29
8 21
8 15
11 31
11 31
8 21
9 24
8 21
8 15
11 31
12 28
12 28
8 15
9 21
8 15
11 31
12 28
9 24
9 24
11 31
8 17
11 31
12 28
9 24
9 21
9 21
12 28
8 21
12 28
9 24
9 21
8 17
8 17
9 24
7 16
9 24
9 21
8 17
8 21
8 21
9 21
9 25
9 21
8 17
8 21
7 16
7 16
8 17
11 22
8 17
8 21
7 16
9 25
9 25
8 21
10 19
8 21
7 16
9 25
11 22
11 22
7 16
12 25
7 16
9 25
11 22
10 19
10 19
9 25
10 15
9 25
11 22
10 19
12 25
12 25
11 22
9 22
11 22
10 19
12 25
10 15
10 15
10 19
10 21
10 19
12 25
10 15
9 22
9 22
12 25
9 17
12 25
10 15
9 22
10 21
10 21
10 15
13 18
10 15
9 22
10 21
9 17
9 17
9 22
10 26
9 22
10 21
9 17
13 18
13 18
10 21
9 22
10 21
9 17
13 18
10 26
10 26
9 17
11 28
9 17
13 18
10 26
9 22
9 22
13 18
7 17
13 18
10 26
9 22
11 28
11 28
10 26
8 18
10 26
9 22
11 28
7 17
7 17
9 22
10 23
9 22
11 28
7 17
8 18
8 18
11 28
12 32
11 28
7 17
8 18
10 23
10 23
7 17
14 25
7 17
8 18
10 23
12 32
12 32
8 18
10 26
8 18
10 23
12 32
14 25
14 25
10 23
11 28
10 23
12 32
14 25
10 26
10 26
12 32
12 34
12 32
14 25
10 26
11 28
11 28
14 25
10 23
14 25
10 26
11 28
12 34
12 34
10 26
9 21
10 26
11 28
12 34
10 23
10 23
11 28
9 25
11 28
12 34
10 23
9 21
9 21
12 34
8 19
12 34
10 23
9 21
9 25
9 25
10 23
8 17
10 23
9 21
9 25
8 19
8 19
9 21
15 40
9 21
9 25
8 19
8 17
8 17
9 25
12 27
9 25
8 19
8 17
15 40
15 40
8 19
10 31
8 19
8 17
15 40
12 27
12 27
8 17
16 34
8 17
15 40
12 27
10 31
10 31
15 40
7 15
15 40
12 27
10 31
16 34
16 34
12 27
15 34
12 27
10 31
16 34
7 15
7 15
10 31
15 28
10 31
16 34
7 15
15 34
15 34
16 34
8 18
16 34
7 15
15 34
15 28
15 28
7 15
9 19
7 15
15 34
15 28
8 18
8 18
15 34
11 33
15 34
15 28
8 18
9 19
9 19
15 28
13 27
15 28
8 18
9 19
11 33
11 33
8 18
9 28
8 18
9 19
11 33
13 27
13 27
9 19
10 24
9 19
11 33
13 27
9 28
9 28
11 33
13 34
11 33
13 27
9 28
10 24
10 24
13 27
14 26
13 27
9 28
10 24
13 34
13 34
9 28
7 12
9 28
10 24
13 34
14 26
14 26
10 24
8 20
10 24
13 34
14 26
7 12
7 12
13 34
17 26
13 34
14 26
7 12
8 20
8 20
14 26
8 20
14 26
7 12
8 20
17 26
17 26
7 12
7 13
7 12
8 20
17 26
8 20
8 20
8 20
7 14
8 20
17 26
8 20
7 13
7 13
17 26
9 19
17 26
8 20
7 13
7 14
7 14
8 20
18 30
8 20
7 13
7 14
9 19
9 19
7 13
10 28
7 13
7 14
9 19
18 30
18 30
7 14
8 16
7 14
9 19
18 30
10 28
10 28
9 19
8 19
9 19
18 30
10 28
8 16
8 16
18 30
12 22
18 30
10 28
8 16
8 19
8 19
10 28
10 18
10 28
8 16
8 19
12 22
12 22
8 16
9 20
8 16
8 19
12 22
10 18
10 18
8 19
13 30
8 19
12 22
10 18
9 20
9 20
12 22
13 33
12 22
10 18
9 20
13 30
13 30
10 18
12 28
10 18
9 20
13 30
13 33
13 33
9 20
14 34
9 20
13 30
13 33
12 28
12 28
13 30
11 20
13 30
13 33
12 28
14 34
14 34
13 33
8 18
13 33
12 28
14 34
11 20
11 20
12 28
8 15
12 28
14 34
11 20
8 18
8 18
14 34
8 19
14 34
11 20
8 18
8 15
8 15
11 20
8 17
11 20
8 18
8 15
8 19
8 19
8 18
10 20
8 18
8 15
8 19
8 17
8 17
8 15
14 41
8 15
8 19
8 17
10 20
10 20
8 19
10 15
8 19
8 17
10 20
14 41
14 41
8 17
9 27
8 17
10 20
14 41
10 15
10 15
10 20
8 19
10 20
14 41
10 15
9 27
9 27
14 41
13 26
14 41
10 15
9 27
8 19
8 19
10 15
12 24
10 15
9 27
8 19
13 26
13 26
9 27
11 31
9 27
8 19
13 26
12 24
12 24
8 19
11 30
8 19
13 26
12 24
11 31
11 31
13 26
7 18
13 26
12 24
11 31
11 30
11 30
12 24
12 36
12 24
11 31
11 30
7 18
7 18
11 31
9 22
11 31
11 30
7 18
12 36
12 36
11 30
9 21
11 30
7 18
12 36
9 22
9 22
7 18
6 12
7 18
12 36
9 22
9 21
9 21
12 36
13 26
12 36
9 22
9 21
6 12
6 12
9 22
9 19
9 22
9 21
6 12
13 26
13 26
9 21
13 32
9 21
6 12
13 26
9 19
9 19
6 12
15 32
6 12
13 26
9 19
13 32
13 32
13 26
9 24
13 26
9 19
13 32
15 32
15 32
9 19
7 14
9 19
13 32
15 32
9 24
9 24
13 32
10 19
13 32
15 32
9 24
7 14
7 14
15 32
12 37
15 32
9 24
7 14
10 19
10 19
9 24
10 24
9 24
7 14
10 19
12 37
12 37
7 14
14 33
7 14
10 19
12 37
10 24
10 24
10 19
10 28
10 19
12 37
10 24
14 33
14 33
12 37
14 32
12 37
10 24
14 33
10 28
10 28
10 24
8 17
10 24
14 33
10 28
14 32
14 32
14 33
11 19
14 33
10 28
14 32
8 17
8 17
10 28
9 15
10 28
14 32
8 17
11 19
11 19
14 32
9 25
14 32
8 17
11 19
9 15
9 15
8 17
9 15
8 17
11 19
9 15
9 25
9 25
11 19
12 25
11 19
9 15
9 25
9 15
9 15
9 15
12 32
9 15
9 25
9 15
12 25
12 25
9 25
11 33
9 25
9 15
12 25
12 32
12 32
9 15
10 26
9 15
12 25
12 32
11 33
11 33
12 25
9 20
12 25
12 32
11 33
10 26
10 26
12 32
15 25
12 32
11 33
10 26
9 20
9 20
11 33
14 29
11 33
10 26
9 20
15 25
15 25
10 26
10 24
10 26
9 20
15 25
14 29
14 29
9 20
10 25
9 20
15 25
14 29
10 24
10 24
15 25
10 17
15 25
14 29
10 24
10 25
10 25
14 29
13 32
14 29
10 24
10 25
10 17
10 17
10 24
16 34
10 24
10 25
10 17
13 32
13 32
10 25
11 24
10 25
10 17
13 32
16 34
16 34
10 17
13 33
10 17
13 32
16 34
11 24
11 24
13 32
13 32
13 32
16 34
11 24
13 33
13 33
16 34
12 28
16 34
11 24
13 33
13 32
13 32
11 24
15 40
11 24
13 33
13 32
12 28
12 28
13 33
10 20
13 33
13 32
12 28
15 40
15 40
13 32
14 36
13 32
12 28
15 40
10 20
10 20
12 28
15 27
12 28
15 40
10 20
14 36
14 36
15 40
12 31
15 40
10 20
14 36
15 27
15 27
10 20
8 18
10 20
14 36
15 27
12 31
12 31
14 36
6 12
14 36
15 27
12 31
8 18
8 18
15 27
13 22
15 27
12 31
8 18
6 12
6 12
12 31
11 24
12 31
8 18
6 12
13 22
13 22
8 18
12 30
8 18
6 12
13 22
11 24
11 24
6 12
12 34
6 12
13 22
11 24
12 30
12 30
13 22
9 17
13 22
11 24
12 30
12 34
12 34
11 24
11 30
11 24
12 30
12 34
9 17
9 17
12 30
7 15
12 30
12 34
9 17
11 30
11 30
12 34
10 26
12 34
9 17
11 30
7 15
7 15
9 17
13 25
9 17
11 30
7 15
10 26
10 26
11 30
15 38
11 30
7 15
10 26
13 25
13 25
7 15
12 32
7 15
10 26
13 25
15 38
15 38
10 26
10 20
10 26
13 25
15 38
12 32
12 32
13 25
13 27
13 25
15 38
12 32
10 20
10 20
15 38
7 12
15 38
12 32
10 20
13 27
13 27
12 32
10 22
12 32
10 20
13 27
7 12
7 12
10 20
12 30
10 20
13 27
7 12
10 22
10 22
13 27
11 27
13 27
7 12
10 22
12 30
12 30
7 12
15 32
7 12
10 22
12 30
11 27
11 27
10 22
12 28
10 22
12 30
11 27
15 32
15 32
12 30
10 31
12 30
11 27
15 32
12 28
12 28
11 27
8 14
11 27
15 32
12 28
10 31
10 31
15 32
9 22
15 32
12 28
10 31
8 14
8 14
12 28
8 18
12 28
10 31
8 14
9 22
9 22
10 31
10 20
10 31
8 14
9 22
8 18
8 18
8 14
8 19
8 14
9 22
8 18
10 20
10 20
9 22
11 30
9 22
8 18
10 20
8 19
8 19
8 18
11 26
8 18
10 20
8 19
11 30
11 30
10 20
13 35
10 20
8 19
11 30
11 26
11 26
8 19
8 15
8 19
11 30
11 26
13 35
13 35
11 30
9 21
11 30
11 26
13 35
8 15
8 15
11 26
11 26
13 35
8 15
9 21
9 21
13 35
13 35
8 15
9 21
14 29
14 29
8 15
8 15
9 21
14 29
15 41
9 21
9 21
14 29
15 41
14 29
14 29
15 41
13 25
15 41
15 41
13 25
13 25
13 25
12 21
12 21
12 21
10 16
10 16
13 19
